TRIP
DATE 2020-07-18 
DECLINATION     0.00
DATA
1.0		270.53	66.78	0.819	>
1.0		281.76	51.64	0.680	>
1.0		293.41	24.35	0.437	>
1.0		300.92	-25.66	0.529	>
1.0		313.24	-56.40	0.749	>
1.0		346.57	-73.80	1.389	>
1.0		27.12	-75.13	1.436	>
1.0		58.97	-68.19	1.159	>
1.0		63.43	-60.65	0.379	>
1.0		241.11	82.08	0.481	>
1.0		284.36	67.33	0.659	>
1.0		0.46	-13.47	1.915	>
1.1	1.0	174.39	-1.66	1.963	>
1.1	1.2	346.59	5.42	7.021	>
1.2	1.3	346.23	3.77	7.002	>
1.3	1.4	336.73	7.07	6.263	>
1.3		299.16	54.04	1.412	>
1.3		258.77	44.59	1.147	>
1.3		256.77	26.77	0.886	>
1.3		256.98	3.04	0.698	>
1.3		317.39	12.74	2.331	>
1.3		323.24	-7.88	2.058	>
1.3		334.51	-5.05	3.135	>
1.3		331.90	4.37	4.498	>
1.3		336.84	-2.58	4.960	>
1.3		342.34	-9.22	2.017	>
1.3		343.20	-4.37	3.270	>
1.4		164.32	37.39	1.350	>
1.4		166.07	13.73	2.241	>
1.4		148.47	3.09	2.191	>
1.4		150.11	-9.27	2.763	>
1.4		144.98	-18.77	3.167	>
1.4		119.69	-11.98	1.065	>
1.4		94.00	-23.69	0.938	>
1.4		78.23	-27.32	1.120	>
1.4	1.5	2.53	-5.34	8.571	>
1.4		18.96	43.71	0.673	>
1.4		12.15	14.65	1.316	>
1.4		25.03	-9.11	1.535	>
1.4		19.66	-22.51	2.586	>
1.4		8.80	-9.66	3.075	>
1.4		1.01	-9.45	5.681	>
1.4		358.69	-5.05	5.491	>
1.4		0.72	-16.83	3.491	>
1.4		8.79	-30.16	2.060	>
1.5		184.27	14.24	4.937	>
1.5		181.46	22.83	3.835	>
1.5		179.15	28.81	3.698	>
1.5		174.93	37.42	2.895	>
1.5		170.74	46.84	3.081	>
1.5		174.20	7.52	3.723	>
1.5		166.96	17.39	3.018	>
1.5		153.91	33.04	2.235	>
1.5		142.28	9.20	1.894	>
1.5		196.80	-0.57	2.833	>
1.5		187.14	6.93	2.245	>
1.5		165.50	-2.92	1.176	>
1.5		150.10	-1.32	2.213	>
1.5		139.98	28.61	1.902	>
1.5		55.45	26.52	3.334	>
1.5		46.80	27.66	3.356	>
1.5		88.70	59.58	2.173	>
1.5		114.31	58.23	1.961	>
1.5		107.02	34.72	1.854	>
1.5		120.46	23.89	1.655	>
1.5		93.89	0.89	2.136	>
1.5		99.43	0.93	1.972	>
1.5		71.70	11.24	6.202	>
1.5		77.50	15.63	6.007	>
1.5		88.88	27.36	2.017	>
1.5		75.35	34.42	2.075	>
1.5		64.02	18.16	3.484	>
1.5		62.77	9.63	3.454	>
1.5		131.83	52.80	1.820	>
1.5		140.05	53.27	1.758	>
1.5	1.6	68.01	14.44	3.766	>
1.6		189.75	75.03	6.951	>
1.6		183.64	72.56	6.263	>
1.6		180.52	59.28	10.390	>
1.6		179.26	55.70	7.546	>
1.6		171.54	55.75	5.859	>
1.6		171.04	47.85	5.711	>
1.6		179.42	43.63	6.456	>
1.6		184.16	42.91	4.550	>
1.6		193.90	50.74	4.072	>
1.6		210.61	49.29	2.247	>
1.6		226.35	38.61	1.418	>
1.6		229.75	16.15	1.895	>
1.6		250.37	27.48	1.775	>
1.6		266.00	28.48	1.825	>
1.6		247.99	10.94	1.802	>
1.6		215.77	-16.67	2.043	>
1.6		159.01	36.07	3.227	>
1.6		135.70	50.35	2.435	>
1.6		171.97	32.37	3.749	>
1.6		182.71	29.73	3.290	>
1.6		189.43	26.90	3.169	>
1.6		197.22	25.81	3.241	>
1.6		198.86	21.64	2.459	>
1.6		201.22	13.53	1.941	>
1.6		185.22	5.94	1.613	>
1.6		152.00	14.03	1.601	>
1.6		142.17	21.15	1.932	>
1.6		278.56	10.83	2.423	>
1.6		273.04	8.98	2.498	>
1.6		270.14	2.53	2.813	>
1.6		264.33	-2.19	2.956	>
1.6		255.38	-6.80	3.236	>
1.6		252.72	2.63	3.229	>
1.6		246.25	3.19	3.449	>
1.6		245.39	-21.00	2.618	>
1.6		233.14	-22.44	2.536	>
1.6		241.48	-27.86	2.042	>
1.6		214.74	-21.51	2.062	>
1.6		63.90	23.24	1.663	>
1.6		62.41	3.98	2.160	>
1.6		78.76	13.73	2.228	>
1.6		83.34	1.49	2.578	>
1.6		90.05	14.43	2.343	>
1.6		94.95	27.47	2.261	>
1.6		100.79	24.83	2.436	>
1.6		112.05	22.24	2.354	>
1.6		114.52	38.89	1.966	>
1.6		73.84	48.65	1.420	>
1.6		110.35	57.91	2.186	>
1.6		144.55	68.04	3.522	>
1.6		164.61	68.51	4.989	>
1.6		178.46	73.29	6.321	>
1.6		195.29	78.86	7.810	>
1.6		200.66	82.22	7.518	>
1.6		167.31	83.41	5.749	>
1.6		133.55	80.85	3.860	>
1.6		176.16	58.08	8.359	>
1.6		159.43	60.38	3.950	>
1.6		135.80	44.78	2.199	>
1.6		57.88	-17.06	3.183	>
1.6		65.34	-20.24	2.746	>
1.6		63.94	-28.81	1.979	>
1.6		83.91	-38.89	1.416	>
1.6		85.56	-16.51	1.496	>
1.6		98.64	-0.89	1.292	>
1.6		113.70	6.68	1.368	>
1.6	1.7	51.93	-10.03	2.291	>
1.7		172.87	36.57	2.397	>
1.7		168.43	28.04	2.361	>
1.7		166.08	20.43	2.555	>
1.7		183.73	26.61	2.906	>
1.7		185.00	18.85	1.783	>
1.7		182.15	8.38	1.318	>
1.7		167.30	7.18	1.504	>
1.7		150.56	15.94	1.420	>
1.7		136.46	18.96	1.295	>
1.7		141.38	12.18	1.413	>
1.7		142.20	6.17	1.442	>
1.7		152.45	-20.32	1.273	>
1.7		209.08	-15.13	1.594	>
1.7		223.56	-14.38	1.768	>
1.7		236.50	-21.77	1.497	>
1.7		94.34	-27.05	1.203	>
1.7		119.74	-19.47	1.758	>
1.7		132.47	-17.89	1.804	>
1.7		110.67	-0.76	0.983	>
1.7		100.75	13.21	0.683	>
1.7		149.94	48.66	1.100	>
1.7		142.55	-8.55	3.537	>
1.7	1.8	161.78	15.18	2.532	>
1.8		40.94	-18.61	1.664	>
1.8		47.12	-13.74	2.088	>
1.8		54.68	-5.85	2.325	>
1.8		61.39	0.48	2.285	>
1.8		67.87	-9.52	2.299	>
1.8		65.48	-17.97	2.366	>
1.8		64.56	-25.43	2.634	>
1.8		59.20	-30.97	2.952	>
1.8		57.67	-35.63	2.968	>
1.8		68.06	-34.98	3.005	>
1.8		65.68	-38.63	3.040	>
1.8		56.96	-44.43	1.687	>
1.8		81.51	-48.56	1.545	>
1.8		91.12	-47.23	1.576	>
1.8		79.53	-24.42	3.640	>
1.8		79.79	-21.68	3.747	>
1.8		85.69	-16.21	3.586	>
1.8		93.05	-15.65	3.725	>
1.8		101.76	-15.54	3.859	>
1.8		106.99	-15.84	3.910	>
1.8		101.84	-7.72	3.497	>
1.8		95.53	-2.73	3.488	>
1.8		105.21	2.43	3.257	>
1.8		116.49	4.34	3.341	>
1.8		123.61	4.79	3.428	>
1.8		134.78	5.19	3.805	>
1.8		143.90	4.66	3.918	>
1.8		149.35	3.87	3.924	>
1.8		144.20	-5.07	3.893	>
1.8		149.55	12.54	3.988	>
1.8		137.78	23.19	1.938	>
1.8		148.76	27.06	2.137	>
1.8		123.40	-41.90	1.720	>
1.8		116.15	-31.69	2.261	>
1.8		98.49	-27.52	3.634	>
1.8		90.98	-27.98	3.690	>
1.8		88.45	-27.84	3.835	>
1.8		86.13	-27.75	3.886	>
1.8		146.23	25.32	2.032	>
1.8		151.33	28.92	2.374	>
1.8	1.9	83.89	-9.55	2.116	>
1.9		158.33	27.07	2.202	>
1.9		171.84	27.08	3.038	>
1.9		182.57	26.65	3.689	>
1.9		193.67	32.00	4.929	>
1.9		191.86	24.07	4.221	>
1.9		196.73	23.40	4.099	>
1.9		197.05	12.92	3.659	>
1.9		197.14	8.15	3.507	>
1.9		188.22	3.37	4.357	>
1.9		190.92	2.14	3.852	>
1.9		195.07	2.28	4.176	>
1.9		204.82	5.04	3.087	>
1.9		225.99	29.18	3.599	>
1.9		233.39	25.78	3.432	>
1.9		238.37	21.45	3.118	>
1.9		226.77	12.55	3.494	>
1.9		215.70	9.76	3.469	>
1.9		220.82	2.40	2.797	>
1.9		225.39	-17.68	1.976	>
1.9		247.99	15.93	2.442	>
1.9		258.11	9.88	2.093	>
1.9		263.81	1.76	2.348	>
1.9		272.08	2.03	2.347	>
1.9		276.16	-8.48	2.130	>
1.9		276.29	-20.04	1.923	>
1.9		290.82	-21.83	2.100	>
1.9		285.31	-37.91	1.330	>
1.9		271.06	-60.32	1.087	>
1.9		354.58	-74.23	1.792	>
1.9		6.01	-72.59	2.044	>
1.9		31.33	-73.81	1.331	>
1.9		62.55	-79.54	1.278	>
1.9		97.44	-56.50	2.589	>
1.9		93.82	-56.38	2.551	>
1.9		79.67	-55.95	2.748	>
1.9		80.81	-57.02	2.749	>
1.9		104.96	-20.65	1.701	>
1.9		96.76	-1.15	1.292	>
1.6	1.10	208.21	4.08	1.784	>
1.10		227.76	67.57	0.963	>
1.10		150.27	79.83	3.253	>
1.10		334.68	76.56	0.795	>
1.10		307.06	36.42	0.827	>
1.10		319.33	23.82	0.993	>
1.10		335.44	23.17	1.936	>
1.10		344.78	24.59	2.107	>
1.10		330.89	6.21	3.118	>
1.10		335.74	7.19	3.140	>
1.10		343.72	5.91	2.701	>
1.10		317.88	-8.45	2.294	>
1.10		304.07	-20.80	2.202	>
1.10		328.90	-14.44	1.809	>
1.10		4.50	6.41	1.809	>
1.10		4.83	22.63	1.583	>
1.10		19.68	13.26	1.901	>
1.10		26.73	14.91	1.889	>
1.10		23.38	-9.17	1.845	>
1.10		30.84	-17.54	3.153	>
1.10		26.08	-29.53	1.840	>
1.10		15.30	-33.02	1.835	>
1.10		65.22	30.18	2.658	>
1.10		46.86	46.07	3.581	>
1.10		28.56	63.86	5.251	>
1.10		31.52	65.71	5.222	>
1.10		34.56	71.40	5.454	>
1.10		49.80	76.92	5.972	>
1.10		64.90	75.75	5.468	>
1.10		80.28	77.38	5.801	>
1.10	1.11	345.76	13.15	2.861	>
1.11		223.47	-0.39	0.743	>
1.11		231.06	-15.51	1.085	>
1.11		236.01	-24.55	1.095	>
1.11		220.38	9.69	0.517	>
1.11		215.25	36.42	0.379	>
1.11		265.36	12.10	0.897	>
1.11		256.99	25.52	1.137	>
1.11		254.36	40.29	0.671	>
1.11		292.73	25.32	1.108	>
1.11		299.20	36.04	1.455	>
1.11	1.12	303.26	68.02	1.476	>
1.12	1.13	223.10	-6.76	2.150	>
1.12		197.48	21.68	2.726	>
1.12		193.89	29.01	2.701	>
1.12		209.56	27.82	2.273	>
1.12		214.45	19.96	1.869	>
1.12		214.55	8.46	1.604	>
1.12		206.83	5.36	1.831	>
1.12		213.92	-0.19	1.765	>
1.12		219.60	1.72	1.737	>
1.12		224.70	-2.74	2.028	>
1.12		223.08	-6.19	2.161	>
1.12		208.13	-12.09	0.974	>
1.12		173.19	22.56	1.397	>
1.12		189.31	33.22	1.566	>
1.12		201.46	40.15	1.276	>
1.12		217.90	30.96	1.048	>
1.12		212.75	27.26	2.100	>
1.12		148.07	-16.11	0.876	>
1.12		119.22	-38.28	0.504	>
1.12		111.76	-55.56	0.859	>
1.12		108.11	-63.90	1.148	>
1.12		108.61	-71.37	1.599	>
1.12		123.69	-74.26	1.661	>
1.12		131.91	-64.89	2.442	>
1.12		199.87	70.72	0.650	>
1.13		328.16	-3.26	1.039	>
1.13		329.18	-6.20	1.019	>
1.13		321.05	-3.25	0.793	>
1.13		327.46	-1.38	1.079	>
1.13		327.74	0.45	1.023	>
1.13		329.04	-6.98	1.028	>
1.13		337.04	-1.04	0.662	>
1.13		341.26	-3.80	0.665	>
1.13		328.73	-19.12	0.577	>
1.13		342.21	-18.10	0.592	>
1.13		323.34	12.03	0.389	>
1.13		306.05	2.64	0.391	>
1.13		305.80	-32.90	0.269	>
1.13		343.98	-25.07	0.472	>
1.13		357.13	-6.16	0.644	>
1.13		359.31	6.65	0.665	>
1.13		13.43	6.44	0.758	>
1.13		19.75	-1.65	0.731	>
1.13		20.46	10.63	0.792	>
1.13		20.01	25.93	0.741	>
1.13		33.62	34.95	0.866	>
1.13		35.01	33.45	0.938	>
1.13		36.21	32.07	1.087	>
1.13		30.84	29.69	1.181	>
1.13		75.14	47.07	0.298	>
1.13		43.44	41.95	0.420	>
1.13		44.76	36.02	1.234	>
1.13		73.63	-9.29	0.471	>
1.13		62.56	-22.33	0.411	>
1.13		60.96	-8.74	0.586	>
1.13		9.45	-6.95	0.620	>
1.13		357.18	-9.37	0.577	>
1.13		9.16	2.50	0.711	>
1.13		328.75	-1.41	1.057	>
1.4		35.54	56.21	0.650	>
1.4		28.44	10.83	1.043	>
1.4		55.62	12.96	0.776	>
1.4		74.48	-1.75	0.852	>
1.4		91.41	-41.89	1.531	>
1.4		131.05	-13.51	1.383	>
1.4		135.92	33.75	1.055	>
1.4		148.54	12.29	2.081	>
1.4		156.78	16.04	2.203	>
1.4		167.03	16.28	2.122	>
1.4		165.99	-2.01	2.877	>
1.4		163.84	2.33	3.316	>
1.4		157.83	1.31	3.152	>
1.4		152.87	-0.56	2.445	>
1.4		147.45	-13.34	2.791	>
1.4		145.49	-13.17	2.476	>
1.4		140.12	-16.05	2.004	>
1.4		139.83	-21.78	2.724	>
1.4		146.77	-20.30	3.087	>
1.4		156.01	-15.16	4.391	>
1.4		162.97	-15.90	4.154	>
1.4		160.83	-22.49	2.842	>
1.4		149.73	-40.31	1.623	>
1.4		161.85	-25.71	1.397	>
1.4		16.85	-21.26	2.736	>
1.4		4.81	-16.44	3.509	>
1.4		359.96	-12.37	4.518	>
1.4		5.28	-22.58	2.622	>
1.4		358.52	15.32	1.329	>
1.4		22.48	-15.57	1.990	>
1.4		44.53	-18.63	1.177	>
1.3		297.53	51.51	1.404	>
1.3		262.60	40.38	1.050	>
1.3		241.97	34.05	0.991	>
1.3		303.67	6.97	1.425	>
1.3		317.58	9.40	2.376	>
1.3		317.83	27.28	2.236	>
1.3		320.29	34.11	2.140	>
1.3		328.16	6.06	3.193	>
1.3		330.78	7.92	4.661	>
1.3		332.58	1.20	4.313	>
1.3		330.78	-7.96	2.492	>
1.3		336.52	-3.40	4.218	>
1.3		339.71	-7.14	2.470	>
1.3		342.23	-4.65	3.666	>
1.3		341.80	-13.72	1.598	>
1.3		223.11	27.71	0.871	>
1.3		224.25	41.84	1.229	>
1.3		228.91	57.62	1.415	>
1.3		192.90	-5.62	1.031	>
1.3		183.54	-21.94	1.344	>
1.3		225.23	-16.45	0.724	>
1.3		260.88	4.20	0.683	>
1.3		238.85	-32.66	0.797	>
1.3		203.69	-28.88	0.938	>
1.3		189.69	-31.41	0.975	>
1.3		157.14	-17.89	1.520	>
1.3		178.92	-7.44	2.084	>
1.3		154.87	-9.73	3.046	>
1.3		148.76	-11.49	1.932	>
1.3		139.02	-16.91	1.444	>
1.3		163.63	-10.68	3.037	>
1.3		167.23	0.81	6.511	>
1.3		174.27	2.65	5.477	>
1.3		174.81	8.94	5.257	>
1.3		172.82	7.20	6.776	>
1.3		170.73	-7.09	6.800	>
1.3		170.31	-8.32	5.922	>
1.3		171.76	-9.79	3.733	>
1.3		162.79	-5.70	5.007	>
1.3		164.85	-5.01	6.708	>
1.3		175.11	-7.89	3.389	>
1.2		262.27	12.23	0.784	>
1.2		268.27	-16.43	0.827	>
1.2		308.89	-6.47	1.350	>
1.2		317.05	15.51	1.578	>
1.2		330.12	20.32	2.980	>
1.2		340.68	-4.70	3.042	>
1.2		349.22	-7.04	2.326	>
1.2		331.69	-39.81	0.859	>
1.2		352.32	23.07	0.602	>
1.2		320.94	35.98	1.884	>
1.2		159.99	-24.60	2.073	>
1.2		176.98	-6.63	2.063	>
1.2		179.67	-16.02	0.902	>
1.2		166.22	10.82	1.577	>
1.2		172.82	10.95	4.205	>
1.2		177.32	7.00	2.560	>
1.2		175.37	6.10	4.833	>
1.2		171.74	3.61	6.435	>
1.2		170.94	0.30	7.149	>
1.2		169.04	-1.71	6.904	>
1.2		155.58	-14.32	1.840	>
1.2		125.66	-3.92	0.629	>
1.2		130.69	-23.78	0.863	>
1.2		149.27	-22.47	1.434	>
1.2		156.15	-18.35	1.928	>
1.2		162.26	-0.64	1.894	>
1.2		166.88	-1.14	3.984	>
1.2		168.82	-0.27	6.711	>
1.1		330.98	10.73	1.777	>
1.1		333.88	17.16	2.292	>
1.1		340.37	15.21	3.872	>
1.1		344.12	7.90	4.501	>
1.1		340.44	7.46	3.596	>
1.1		343.99	2.49	4.228	>
1.1		346.95	-0.80	4.230	>
1.1		349.89	-2.08	5.149	>
1.1		354.92	-10.17	1.309	>
1.1		353.24	-1.50	2.677	>
1.1		355.35	14.14	1.551	>
1.1		329.89	39.14	2.012	>
1.1		325.84	45.29	1.967	>
1.1		331.80	58.01	1.122	>
1.1		269.13	49.70	0.810	>
1.1		292.21	59.39	1.133	>
1.1		317.36	62.12	1.102	>
1.1		354.66	54.51	0.796	>

PLAN
STATIONS
-2.221	25.833	
0.000	0.000	1.0
-0.192	1.953	1.1
-1.813	8.752	1.2
-3.476	15.538	1.3
-5.932	21.248	1.4
-5.555	29.774	1.5
-2.173	31.140	1.6
-0.397	32.531	1.7
0.367	30.210	1.8
2.442	30.432	1.9
-3.014	29.572	1.10
-3.699	32.272	1.11
-4.161	32.575	1.12
-5.620	31.016	1.13
0.442	8.819	1.2
SHOTS
-4.161	32.575	-5.620	31.016
-5.620	31.016	-6.167	31.897
-5.620	31.016	-6.139	31.886
-5.620	31.016	-6.118	31.632
-5.620	31.016	-6.200	31.925
-5.620	31.016	-6.166	31.881
-5.620	31.016	-6.145	31.891
-5.620	31.016	-5.878	31.625
-5.620	31.016	-5.833	31.644
-5.620	31.016	-5.903	31.482
-5.620	31.016	-5.792	31.552
-5.620	31.016	-5.847	31.321
-5.620	31.016	-5.936	31.246
-5.620	31.016	-5.803	31.148
-5.620	31.016	-5.738	31.427
-5.620	31.016	-5.652	31.655
-5.620	31.016	-5.628	31.676
-5.620	31.016	-5.445	31.749
-5.620	31.016	-5.373	31.704
-5.620	31.016	-5.348	31.745
-5.620	31.016	-5.392	31.642
-5.620	31.016	-5.227	31.607
-5.620	31.016	-5.171	31.657
-5.620	31.016	-5.076	31.759
-5.620	31.016	-5.094	31.897
-5.620	31.016	-5.424	31.068
-5.620	31.016	-5.405	31.243
-5.620	31.016	-4.917	31.725
-5.620	31.016	-5.174	31.147
-5.620	31.016	-5.283	31.191
-5.620	31.016	-5.114	31.297
-5.620	31.016	-5.519	31.623
-5.620	31.016	-5.648	31.585
-5.620	31.016	-5.507	31.717
-5.620	31.016	-6.168	31.919
-3.699	32.272	-4.161	32.575
-4.161	32.575	-4.922	30.159
-4.161	32.575	-4.728	30.282
-4.161	32.575	-5.153	30.826
-4.161	32.575	-5.155	31.126
-4.161	32.575	-5.061	31.268
-4.161	32.575	-4.984	30.948
-4.161	32.575	-5.146	31.110
-4.161	32.575	-5.268	31.237
-4.161	32.575	-5.586	31.135
-4.161	32.575	-5.628	31.006
-4.161	32.575	-4.610	31.735
-4.161	32.575	-4.008	31.294
-4.161	32.575	-4.373	31.282
-4.161	32.575	-4.518	31.667
-4.161	32.575	-4.713	31.866
-4.161	32.575	-5.171	31.005
-4.161	32.575	-3.716	31.861
-4.161	32.575	-3.816	32.382
-4.161	32.575	-3.710	32.395
-4.161	32.575	-3.681	32.418
-4.161	32.575	-3.677	32.412
-4.161	32.575	-3.786	32.325
-4.161	32.575	-3.390	31.883
-4.161	32.575	-4.234	32.373
-3.014	29.572	-3.699	32.272
-3.699	32.272	-4.210	31.733
-3.699	32.272	-4.512	31.615
-3.699	32.272	-4.525	31.715
-3.699	32.272	-4.029	31.884
-3.699	32.272	-3.875	32.023
-3.699	32.272	-4.573	32.201
-3.699	32.272	-4.699	32.041
-3.699	32.272	-4.192	32.134
-3.699	32.272	-4.623	32.659
-3.699	32.272	-4.726	32.846
-2.173	31.140	-3.014	29.572
-3.014	29.572	-3.286	29.325
-3.014	29.572	-2.729	29.073
-3.014	29.572	-3.093	29.739
-3.014	29.572	-3.545	29.973
-3.014	29.572	-3.606	30.261
-3.014	29.572	-3.754	31.191
-3.014	29.572	-3.517	31.421
-3.014	29.572	-4.522	32.280
-3.014	29.572	-4.294	32.412
-3.014	29.572	-3.767	32.151
-3.014	29.572	-4.536	31.255
-3.014	29.572	-4.719	30.725
-3.014	29.572	-3.919	31.072
-3.014	29.572	-2.873	31.364
-3.014	29.572	-2.891	31.028
-3.014	29.572	-2.391	31.314
-3.014	29.572	-2.193	31.202
-3.014	29.572	-2.291	31.244
-3.014	29.572	-1.473	32.153
-3.014	29.572	-2.310	31.010
-3.014	29.572	-2.608	31.056
-3.014	29.572	-0.928	30.535
-3.014	29.572	-1.201	31.271
-3.014	29.572	-1.908	31.604
-3.014	29.572	-1.891	31.403
-3.014	29.572	-2.027	31.005
-3.014	29.572	-1.982	30.444
-3.014	29.572	-1.795	30.143
-3.014	29.572	-1.765	29.786
0.367	30.210	2.442	30.432
2.442	30.432	3.166	28.610
2.442	30.432	2.826	27.755
2.442	30.432	2.294	27.138
2.442	30.432	1.454	26.370
2.442	30.432	1.650	26.660
2.442	30.432	1.359	26.829
2.442	30.432	1.396	27.022
2.442	30.432	1.419	27.115
2.442	30.432	1.820	26.127
2.442	30.432	1.713	26.652
2.442	30.432	1.357	26.403
2.442	30.432	1.151	27.641
2.442	30.432	0.182	28.249
2.442	30.432	-0.039	28.589
2.442	30.432	-0.029	28.910
2.442	30.432	-0.043	28.096
2.442	30.432	0.447	27.656
2.442	30.432	0.615	28.317
2.442	30.432	1.102	29.110
2.442	30.432	0.265	29.552
2.442	30.432	0.424	30.007
2.442	30.432	0.109	30.179
2.442	30.432	0.098	30.517
2.442	30.432	0.347	30.658
2.442	30.432	0.646	30.630
2.442	30.432	0.620	31.125
2.442	30.432	1.430	30.709
2.442	30.432	1.904	30.442
2.442	30.432	2.396	30.917
2.442	30.432	2.506	31.040
2.442	30.432	2.635	30.749
2.442	30.432	2.648	30.539
2.442	30.432	3.859	30.247
2.442	30.432	3.851	30.338
2.442	30.432	3.956	30.708
2.442	30.432	3.919	30.671
2.442	30.432	3.980	30.021
2.442	30.432	3.725	30.280
-0.397	32.531	0.367	30.210
0.367	30.210	1.400	31.401
0.367	30.210	1.853	31.590
0.367	30.210	2.254	31.547
0.367	30.210	2.373	31.304
0.367	30.210	2.467	31.064
0.367	30.210	2.415	31.144
0.367	30.210	2.515	31.232
0.367	30.210	2.541	31.506
0.367	30.210	2.405	31.500
0.367	30.210	2.651	31.130
0.367	30.210	2.531	31.188
0.367	30.210	1.377	30.867
0.367	30.210	1.378	30.361
0.367	30.210	1.437	30.189
0.367	30.210	3.626	30.812
0.367	30.210	3.794	30.827
0.367	30.210	3.801	30.469
0.367	30.210	3.949	30.019
0.367	30.210	4.007	29.452
0.367	30.210	3.964	29.111
0.367	30.210	3.759	29.499
0.367	30.210	3.835	29.874
0.367	30.210	3.507	29.356
0.367	30.210	3.349	28.724
0.367	30.210	3.212	28.319
0.367	30.210	3.057	27.541
0.367	30.210	2.668	27.055
0.367	30.210	2.363	26.842
0.367	30.210	2.635	27.065
0.367	30.210	2.340	26.854
0.367	30.210	1.564	28.891
0.367	30.210	1.354	28.583
0.367	30.210	1.436	29.505
0.367	30.210	2.094	29.362
0.367	30.210	3.554	29.734
0.367	30.210	3.625	30.154
0.367	30.210	3.757	30.302
0.367	30.210	3.798	30.442
0.367	30.210	1.388	28.683
0.367	30.210	1.364	28.387
-2.173	31.140	-0.397	32.531
-0.397	32.531	-0.158	30.621
-0.397	32.531	0.021	30.489
-0.397	32.531	0.179	30.207
-0.397	32.531	-0.566	29.938
-0.397	32.531	-0.544	30.850
-0.397	32.531	-0.446	31.228
-0.397	32.531	-0.069	31.075
-0.397	32.531	0.274	31.342
-0.397	32.531	0.447	31.643
-0.397	32.531	0.465	31.452
-0.397	32.531	0.482	31.398
-0.397	32.531	0.155	31.473
-0.397	32.531	-1.145	31.186
-0.397	32.531	-1.577	31.290
-0.397	32.531	-1.556	31.764
-0.397	32.531	0.671	32.450
-0.397	32.531	1.042	31.709
-0.397	32.531	0.869	31.372
-0.397	32.531	0.523	32.184
-0.397	32.531	0.256	32.407
-0.397	32.531	-0.033	31.902
-0.397	32.531	1.730	29.754
-2.173	31.140	-2.221	25.833
-5.555	29.774	-2.173	31.140
-2.173	31.140	-2.477	29.371
-2.173	31.140	-2.292	29.267
-2.173	31.140	-2.118	26.888
-2.173	31.140	-1.688	27.878
-2.173	31.140	-1.576	27.354
-2.173	31.140	-2.126	26.467
-2.173	31.140	-2.415	27.816
-2.173	31.140	-2.792	28.638
-2.173	31.140	-2.919	29.879
-2.173	31.140	-2.975	30.375
-2.173	31.140	-3.562	29.964
-2.173	31.140	-3.656	30.611
-2.173	31.140	-3.773	31.028
-2.173	31.140	-3.813	30.477
-2.173	31.140	-3.317	29.552
-2.173	31.140	-1.239	28.705
-2.173	31.140	-1.088	30.028
-2.173	31.140	-1.731	28.005
-2.173	31.140	-2.308	28.286
-2.173	31.140	-2.636	28.352
-2.173	31.140	-3.037	28.353
-2.173	31.140	-2.912	28.977
-2.173	31.140	-2.856	29.381
-2.173	31.140	-2.319	29.542
-2.173	31.140	-1.444	29.769
-2.173	31.140	-1.068	29.717
-2.173	31.140	-4.526	31.494
-2.173	31.140	-4.637	31.271
-2.173	31.140	-4.983	31.147
-2.173	31.140	-5.112	30.848
-2.173	31.140	-5.282	30.329
-2.173	31.140	-5.253	30.182
-2.173	31.140	-5.325	29.753
-2.173	31.140	-4.395	30.122
-2.173	31.140	-4.048	29.734
-2.173	31.140	-3.759	30.278
-2.173	31.140	-3.266	29.564
-2.173	31.140	-0.801	31.812
-2.173	31.140	-0.263	32.138
-2.173	31.140	-0.050	31.562
-2.173	31.140	0.387	31.439
-2.173	31.140	0.096	31.138
-2.173	31.140	-0.174	30.967
-2.173	31.140	-0.001	30.726
-2.173	31.140	-0.153	30.322
-2.173	31.140	-0.781	30.505
-2.173	31.140	-1.272	31.401
-2.173	31.140	-1.084	30.736
-2.173	31.140	-1.409	30.067
-2.173	31.140	-1.688	29.378
-2.173	31.140	-2.124	29.323
-2.173	31.140	-2.571	29.684
-2.173	31.140	-2.532	30.188
-2.173	31.140	-2.028	30.496
-2.173	31.140	-1.728	30.717
-2.173	31.140	-1.877	26.730
-2.173	31.140	-1.487	29.312
-2.173	31.140	-1.085	30.021
-2.173	31.140	0.404	32.758
-2.173	31.140	0.168	32.215
-2.173	31.140	-0.615	31.902
-2.173	31.140	-1.077	31.257
-2.173	31.140	-0.743	31.251
-2.173	31.140	-0.896	30.946
-2.173	31.140	-0.929	30.594
-5.932	21.248	-5.555	29.774
-5.555	29.774	-5.911	25.002
-5.555	29.774	-5.645	26.241
-5.555	29.774	-5.507	26.534
-5.555	29.774	-5.352	27.484
-5.555	29.774	-5.216	27.694
-5.555	29.774	-5.182	26.102
-5.555	29.774	-4.905	26.968
-5.555	29.774	-4.731	28.091
-5.555	29.774	-4.411	28.295
-5.555	29.774	-6.374	27.062
-5.555	29.774	-5.832	27.563
-5.555	29.774	-5.261	28.637
-5.555	29.774	-4.452	27.856
-5.555	29.774	-4.481	28.495
-5.555	29.774	-3.098	31.466
-5.555	29.774	-3.388	31.809
-5.555	29.774	-4.455	29.799
-5.555	29.774	-4.614	29.349
-5.555	29.774	-4.098	29.328
-5.555	29.774	-4.251	29.007
-5.555	29.774	-3.424	29.629
-5.555	29.774	-3.610	29.451
-5.555	29.774	0.220	31.684
-5.555	29.774	0.093	31.026
-5.555	29.774	-3.764	29.809
-5.555	29.774	-3.899	30.207
-5.555	29.774	-2.579	31.224
-5.555	29.774	-2.527	31.332
-5.555	29.774	-4.735	29.040
-5.555	29.774	-4.880	28.968
-3.476	15.538	-5.932	21.248
-5.932	21.248	-5.642	20.215
-5.932	21.248	-5.408	19.135
-5.932	21.248	-4.788	19.383
-5.932	21.248	-4.573	18.884
-5.932	21.248	-4.211	18.792
-5.932	21.248	-5.027	20.732
-5.932	21.248	-5.075	21.188
-5.932	21.248	-4.958	21.451
-5.932	21.248	-5.774	21.708
-5.932	21.248	-5.664	22.493
-5.932	21.248	-5.291	22.621
-5.932	21.248	-5.128	23.498
-5.932	21.248	-5.468	24.244
-5.932	21.248	-5.833	26.851
-5.932	21.248	-6.057	26.716
-5.932	21.248	-5.890	24.589
-5.932	21.248	-5.660	23.008
-5.932	21.248	-5.722	21.542
-5.932	21.248	-5.444	22.149
-5.932	21.248	-5.308	21.675
-5.932	21.248	-5.111	21.476
-5.932	21.248	-4.793	21.220
-5.932	21.248	-4.918	20.365
-5.932	21.248	-5.322	20.618
-5.932	21.248	-4.871	19.514
-5.932	21.248	-5.097	19.302
-5.932	21.248	-5.475	19.263
-5.932	21.248	-5.236	18.458
-5.932	21.248	-5.010	18.066
-5.932	21.248	-4.743	18.330
-5.932	21.248	-4.817	19.072
-5.932	21.248	-4.471	18.959
-5.932	21.248	-4.566	19.261
-5.932	21.248	-4.697	19.770
-5.932	21.248	-4.300	19.315
-5.932	21.248	-4.345	18.826
-5.932	21.248	-4.209	17.376
-5.932	21.248	-4.762	17.428
-5.932	21.248	-5.070	18.768
-5.932	21.248	-5.308	20.179
-5.932	21.248	-5.540	20.052
-5.932	21.248	-5.193	23.688
-5.932	21.248	-5.650	24.602
-5.932	21.248	-5.935	25.661
-5.932	21.248	-5.709	23.659
-5.932	21.248	-5.965	22.529
-5.932	21.248	-5.199	23.019
-5.932	21.248	-5.150	22.043
-1.813	8.752	-3.476	15.538
-3.476	15.538	-4.200	15.942
-3.476	15.538	-4.277	15.379
-3.476	15.538	-4.246	15.357
-3.476	15.538	-4.155	15.381
-3.476	15.538	-5.015	17.211
-3.476	15.538	-4.696	17.171
-3.476	15.538	-4.820	18.357
-3.476	15.538	-5.588	19.494
-3.476	15.538	-5.425	20.094
-3.476	15.538	-4.080	17.435
-3.476	15.538	-4.418	18.659
-3.476	15.538	-4.251	15.942
-3.476	15.538	-4.269	15.435
-3.476	15.538	-4.201	15.152
-3.476	15.538	-4.653	16.322
-3.476	15.538	-5.057	17.268
-3.476	15.538	-4.810	17.011
-3.476	15.538	-4.608	16.901
-3.476	15.538	-5.151	18.235
-3.476	15.538	-5.730	19.567
-3.476	15.538	-5.462	19.366
-3.476	15.538	-4.681	17.692
-3.476	15.538	-5.154	19.400
-3.476	15.538	-4.326	17.837
-3.476	15.538	-4.591	19.018
-3.476	15.538	-3.961	17.013
-3.476	15.538	-4.003	14.975
-3.476	15.538	-4.115	14.882
-3.476	15.538	-4.047	15.040
-3.476	15.538	-3.705	14.538
-3.476	15.538	-3.553	14.294
-3.476	15.538	-3.969	15.049
-3.476	15.538	-4.149	15.430
-3.476	15.538	-4.050	15.191
-3.476	15.538	-3.806	14.786
-3.476	15.538	-3.616	14.718
-3.476	15.538	-2.914	14.205
-3.476	15.538	-3.437	13.472
-3.476	15.538	-2.201	12.820
-3.476	15.538	-2.494	13.919
-3.476	15.538	-2.570	14.495
-3.476	15.538	-2.635	12.675
-3.476	15.538	-2.037	9.189
-3.476	15.538	-2.930	10.094
-3.476	15.538	-3.006	10.366
-3.476	15.538	-2.636	8.868
-3.476	15.538	-2.389	8.878
-3.476	15.538	-2.490	9.762
-3.476	15.538	-2.949	11.897
-3.476	15.538	-2.002	10.779
-3.476	15.538	-1.730	9.088
-3.476	15.538	-3.190	12.193
-0.192	1.953	-1.813	8.752
-1.813	8.752	-2.572	8.649
-1.813	8.752	-2.606	8.728
-1.813	8.752	-2.857	9.594
-1.813	8.752	-2.849	9.865
-1.813	8.752	-3.205	11.175
-1.813	8.752	-2.816	11.613
-1.813	8.752	-2.245	11.020
-1.813	8.752	-2.126	9.333
-1.813	8.752	-1.887	9.301
-1.813	8.752	-2.774	9.936
-1.813	8.752	-1.168	6.981
-1.813	8.752	-1.705	6.706
-1.813	8.752	-1.808	7.885
-1.813	8.752	-1.444	7.248
-1.813	8.752	-1.297	4.656
-1.813	8.752	-1.694	6.214
-1.813	8.752	-1.425	3.962
-1.813	8.752	-0.890	2.396
-1.813	8.752	-0.687	1.692
-1.813	8.752	-0.501	1.977
-1.813	8.752	-1.076	7.129
-1.813	8.752	-1.303	8.386
-1.813	8.752	-1.214	8.237
-1.813	8.752	-1.136	7.613
-1.813	8.752	-1.073	7.078
-1.813	8.752	-1.236	6.948
-1.813	8.752	-0.909	4.873
-1.813	8.752	-0.512	2.168
0.000	0.000	-0.192	1.953
-0.192	1.953	-1.039	3.480
-0.192	1.953	-1.156	3.919
-0.192	1.953	-1.447	5.472
-0.192	1.953	-1.412	6.241
-0.192	1.953	-1.386	5.313
-0.192	1.953	-1.357	6.013
-0.192	1.953	-1.147	6.073
-0.192	1.953	-1.095	7.019
-0.192	1.953	-0.306	3.236
-0.192	1.953	-0.507	4.610
-0.192	1.953	-0.314	3.452
-0.192	1.953	-0.975	3.303
-0.192	1.953	-0.969	3.098
-0.192	1.953	-0.473	2.477
-0.192	1.953	-0.716	1.945
-0.192	1.953	-0.726	2.171
-0.192	1.953	-0.541	2.332
-0.192	1.953	-0.235	2.413
0.000	0.000	-0.323	0.003
0.000	0.000	-0.413	0.086
0.000	0.000	-0.365	0.158
0.000	0.000	-0.409	0.245
0.000	0.000	-0.302	0.284
0.000	0.000	-0.090	0.377
0.000	0.000	0.168	0.328
0.000	0.000	0.369	0.222
0.000	0.000	0.166	0.083
0.000	0.000	-0.058	-0.032
0.000	0.000	-0.246	0.063
0.000	0.000	0.015	1.862
0.442	8.819	-0.320	8.985	
0.442	8.819	-0.334	8.585	
0.442	8.819	-0.373	8.667	
0.442	8.819	-0.303	9.241	
0.442	8.819	-0.339	9.854	
0.442	8.819	0.142	8.570	
0.442	8.819	0.557	8.534	
0.442	8.819	0.275	8.269	
0.442	8.819	0.499	9.055	
0.442	8.819	-0.213	9.926	
0.442	8.819	0.651	7.956	
0.442	8.819	0.064	8.581	
0.442	8.819	0.242	8.570	
0.442	8.819	0.446	9.115	
0.442	8.819	-0.022	9.618	
0.442	8.819	-0.041	9.131	
0.442	8.819	-0.311	9.333	
0.442	8.819	-0.160	9.224	
0.442	8.819	-0.128	8.857	
0.442	8.819	0.119	8.613	
0.442	8.819	0.776	8.364	
0.442	8.819	0.852	8.776	
0.442	8.819	0.902	8.471	
0.442	8.819	0.831	8.271	
0.442	8.819	0.767	8.212	
0.442	8.819	0.577	8.798	
0.442	8.819	0.405	8.740	
0.442	8.819	0.154	8.787	
POLYLINE BLACK
-5.248	26.144
-5.378	26.284
-5.468	26.444
-5.488	26.534
-5.528	26.594
-5.588	26.534
-5.628	26.454
-5.628	26.374
-5.658	26.284
-5.678	26.264
-5.668	26.184
-5.708	26.094
-5.708	26.014
-5.718	25.934
-5.708	25.914
-5.718	25.894
-5.718	25.844
-5.738	25.804
-5.738	25.714
-5.728	25.624
-5.728	25.424
-5.718	25.404
-5.728	25.374
-5.728	25.274
-5.718	25.184
-5.718	25.084
-5.728	25.014
-5.708	24.904
-5.678	24.814
-5.678	24.764
-5.658	24.664
-5.668	24.624
-5.648	24.564
-5.648	24.514
-5.598	24.374
POLYLINE BLACK
-4.788	28.074
-4.828	28.064
-4.868	28.024
-4.908	27.914
-4.928	27.824
-4.938	27.584
-4.948	27.544
-4.948	27.244
-4.928	27.144
-4.948	26.954
-4.968	26.884
-4.968	26.844
-5.008	26.664
-5.058	26.494
-5.058	26.474
-5.158	26.244
-5.168	26.204
-5.188	26.144
-5.198	26.104
POLYLINE BLACK
-3.788	29.804
-3.758	29.804
-3.578	29.744
-3.478	29.694
-3.438	29.644
-3.458	29.604
-3.488	29.574
-3.518	29.564
-3.588	29.504
-3.818	29.414
-3.838	29.414
-3.878	29.394
-3.928	29.394
-4.068	29.344
-4.088	29.344
-4.168	29.294
-4.208	29.204
-4.208	29.184
-4.298	28.974
-4.298	28.954
-4.388	28.804
-4.418	28.774
-4.508	28.604
-4.508	28.504
-4.448	28.404
-4.438	28.364
-4.438	28.234
-4.448	28.114
-4.438	28.044
-4.448	28.024
-4.448	27.944
-4.468	27.884
-4.528	27.854
-4.548	27.874
-4.568	27.874
-4.618	27.924
-4.668	27.974
-4.688	27.974
-4.758	28.094
-4.768	28.074
POLYLINE BLACK
-5.648	29.794
-5.628	29.784
-5.628	29.734
-5.658	29.654
-5.658	29.604
-5.698	29.484
-5.708	29.444
-5.738	29.394
-5.748	29.354
-5.798	29.274
-5.818	29.184
-5.898	28.994
-5.898	28.974
-5.918	28.944
-5.948	28.794
-5.978	28.674
-6.018	28.524
-6.108	28.244
-6.138	28.114
-6.148	28.074
-6.168	27.984
-6.278	27.674
-6.288	27.634
-6.298	27.594
-6.348	27.504
-6.358	27.464
-6.398	27.354
-6.408	27.314
-6.398	27.204
-6.398	27.134
-6.348	26.934
-6.348	26.834
-6.308	26.744
POLYLINE BLACK
-6.463	27.074
-6.403	27.029
-6.388	26.984
-6.283	26.819
-6.133	26.579
-6.133	26.549
-6.088	26.384
-6.088	26.249
-6.073	26.219
-6.073	26.099
-6.043	25.904
-6.043	25.799
-6.073	25.634
-6.073	25.574
-6.088	25.529
-6.088	25.469
-6.103	25.439
-6.103	25.364
-6.118	25.304
-6.118	25.049
-6.133	24.989
-6.133	24.869
-6.148	24.809
-6.148	24.749
-6.163	24.674
-6.163	24.479
-6.133	24.359
-6.118	24.224
-6.103	24.164
-6.103	24.074
-6.088	24.029
-6.088	23.939
-6.058	23.759
-6.058	23.729
-6.043	23.669
-6.043	23.594
-6.028	23.474
-6.028	23.249
-6.013	23.114
-6.013	22.979
-5.998	22.874
-5.998	22.559
-5.983	22.439
-5.983	22.319
-5.968	22.184
-5.968	22.034
-5.983	21.974
-5.983	21.779
-5.998	21.689
-5.998	21.614
-6.013	21.554
-6.013	21.464
-6.043	21.329
-6.043	21.179
-5.998	21.014
-5.968	20.894
-5.968	20.849
POLYLINE BLACK
-6.133	21.464
-6.088	21.314
-6.058	21.299
-5.953	20.969
-5.953	20.909
-5.923	20.804
-5.938	20.744
-5.938	20.714
-5.923	20.654
-5.923	20.564
-5.908	20.489
-5.908	20.459
-5.893	20.429
-5.893	20.354
-5.863	20.129
-5.848	20.099
-5.848	20.039
-5.818	19.919
-5.818	19.889
-5.803	19.829
-5.803	19.799
-5.788	19.739
-5.788	19.679
-5.773	19.619
-5.773	19.529
-5.653	19.274
POLYLINE BLACK
-5.658	24.584
-5.658	24.564
-5.598	24.464
-5.558	24.384
-5.528	24.294
-5.428	24.084
-5.408	24.064
-5.328	23.894
-5.328	23.874
-5.298	23.824
-5.268	23.744
-5.208	23.664
-5.208	23.644
-5.188	23.624
-5.178	23.584
-5.148	23.454
-5.148	23.334
-5.168	23.194
-5.188	23.114
-5.188	23.064
-5.228	22.874
-5.238	22.834
-5.308	22.584
-5.358	22.434
-5.358	22.394
-5.408	22.254
-5.458	22.154
-5.438	22.094
-5.358	22.034
-5.318	22.044
-5.298	22.034
-5.258	22.054
-5.218	22.044
-5.178	22.044
-5.158	22.054
-5.138	22.044
-5.138	21.984
-5.198	21.884
-5.228	21.834
-5.278	21.784
-5.318	21.724
-5.328	21.684
-5.248	21.574
-5.178	21.514
-5.138	21.504
-5.098	21.494
-5.078	21.494
-5.058	21.474
-5.018	21.474
-4.998	21.454
-4.978	21.454
-4.878	21.394
-4.848	21.354
-4.848	21.334
-4.788	21.234
-4.778	21.214
POLYLINE BLACK
-4.808	21.239
-4.793	21.179
-4.793	21.119
-4.808	21.059
-4.913	20.939
-4.943	20.924
-4.943	20.879
-5.033	20.729
-5.033	20.609
-5.018	20.549
-5.003	20.444
-4.928	20.324
-4.898	20.249
-4.838	20.189
-4.793	20.084
-4.733	20.024
-4.688	19.919
-4.628	19.829
-4.463	19.559
-4.448	19.514
-4.313	19.334
-4.283	19.319
-4.223	19.199
POLYLINE BLACK
-4.328	19.364
-4.298	19.334
-4.298	19.304
-4.253	19.184
-4.238	19.034
-4.238	18.959
-4.313	18.719
-4.313	18.644
-4.298	18.524
-4.223	18.254
POLYLINE BLACK
-4.373	18.629
-4.208	18.314
-4.073	17.999
-3.878	17.609
-3.788	17.294
-3.728	17.039
-3.608	16.874
-3.548	16.709
-3.518	16.649
-3.518	16.619
-3.488	16.589
-3.458	16.484
-3.398	16.349
-3.383	16.289
-3.308	16.169
-3.263	16.064
-3.248	15.974
-3.188	15.839
-3.188	15.809
-3.053	15.494
-2.843	15.044
-2.738	14.894
-2.708	14.819
-2.648	14.759
-2.618	14.684
-2.528	14.564
POLYLINE BLACK
-5.798	19.499
-5.768	19.499
-5.618	19.199
-5.528	19.079
-5.528	19.049
-5.483	18.989
-5.453	18.899
-5.378	18.794
-5.378	18.764
-5.318	18.674
-5.318	18.644
-5.288	18.614
-5.288	18.584
-5.168	18.389
-5.123	18.284
-5.063	18.014
-5.063	17.954
-5.048	17.834
-5.048	17.504
-5.033	17.474
-5.033	17.414
-5.048	17.384
-5.048	17.249
-5.003	17.129
-4.973	16.994
-4.898	16.814
-4.823	16.664
-4.793	16.634
-4.763	16.559
-4.658	16.409
-4.598	16.259
-4.583	16.229
POLYLINE BLACK
-4.628	16.349
-4.523	15.959
-4.358	15.659
-4.328	15.554
-4.283	15.374
-4.283	15.344
-4.253	15.284
-4.253	15.254
-4.223	15.194
-4.223	15.149
-4.193	15.029
-4.073	14.879
-3.953	14.774
-3.923	14.774
-3.908	14.744
-3.758	14.639
-3.698	14.594
-3.668	14.594
-3.653	14.564
-3.623	14.549
-3.608	14.519
-3.608	14.474
-3.548	14.354
-3.548	14.234
-3.503	13.889
-3.503	13.829
-3.488	13.769
-3.488	13.679
-3.473	13.604
-3.473	13.574
-3.458	13.514
-3.458	13.484
-3.443	13.424
-3.443	13.379
-3.428	13.319
-3.428	13.109
-3.413	13.034
-3.413	12.914
-3.398	12.854
-3.398	12.764
-3.383	12.704
-3.383	12.644
-3.368	12.584
-3.368	12.419
-3.353	12.299
-3.353	12.029
-3.338	11.999
-3.338	11.894
-3.323	11.864
-3.323	11.804
-3.308	11.774
-3.308	11.669
-3.293	11.639
-3.278	11.474
-3.248	11.339
-3.248	11.309
-3.233	11.249
-3.233	11.219
-3.203	11.159
-3.203	11.099
-3.173	10.964
-3.173	10.904
-3.158	10.844
-3.158	10.814
-3.113	10.634
-3.098	10.544
-3.068	10.484
-3.068	10.424
-3.038	10.349
POLYLINE BLACK
-0.993	3.399
-0.963	3.369
-0.963	3.339
-0.933	3.279
-0.933	3.219
-0.903	3.159
-0.813	2.874
-0.723	2.679
-0.723	2.649
-0.663	2.514
-0.663	2.484
-0.588	2.334
-0.588	2.304
-0.543	2.214
-0.528	2.139
-0.498	2.079
-0.498	2.049
-0.438	1.869
-0.393	1.809
POLYLINE BLACK
-1.968	8.034
-1.908	7.974
-1.818	7.719
-1.818	7.584
-1.803	7.419
-1.803	7.179
-1.773	6.984
-1.773	6.849
-1.758	6.819
-1.758	6.594
-1.743	6.534
-1.743	6.279
-1.728	6.219
-1.728	6.144
-1.713	6.084
POLYLINE BLACK
-2.433	8.589
-2.448	8.559
-2.268	8.454
-2.028	8.259
-2.013	8.199
-1.983	8.184
-1.878	8.004
-1.863	7.959
POLYLINE BLACK
-1.758	6.249
-1.743	6.219
-1.713	6.249
-1.683	6.249
-1.683	6.219
-1.593	5.994
-1.548	5.799
-1.548	5.769
-1.518	5.709
-1.518	5.679
-1.458	5.559
-1.458	5.529
-1.443	5.469
-1.443	5.439
-1.428	5.379
-1.428	5.349
-1.413	5.319
-1.413	5.244
-1.383	5.184
-1.383	5.109
-1.233	4.524
-1.233	4.494
-1.218	4.434
-1.218	4.404
-1.173	4.254
-1.173	4.149
-1.143	4.029
-1.143	3.984
-1.113	3.864
-1.113	3.834
-1.038	3.624
-1.008	3.564
-1.008	3.534
-0.948	3.339
-0.933	3.279
POLYLINE BLACK
-1.578	8.819
-1.528	8.769
-1.428	8.569
-1.408	8.549
-1.398	8.509
-1.308	8.389
-1.308	8.359
-1.278	8.299
-1.268	8.259
-1.218	8.109
-1.168	7.889
-1.138	7.769
-1.138	7.639
-1.128	7.619
-1.138	7.599
-1.128	7.559
-1.128	7.499
-1.098	7.389
-1.088	7.309
-1.078	7.229
-1.078	7.129
-1.058	7.109
-1.058	7.049
-1.028	6.969
-1.028	6.919
-1.008	6.839
-0.998	6.669
-0.968	6.509
-0.948	6.399
-0.908	6.309
-0.908	6.289
-0.888	6.249
-0.888	6.219
-0.878	6.199
-0.878	5.929
-0.858	5.819
-0.858	5.799
POLYLINE BLACK
-1.988	10.849
-1.998	10.769
-1.968	10.499
-1.978	10.479
-1.938	10.269
-1.918	10.109
-1.868	9.789
-1.748	9.349
-1.748	9.309
-1.698	9.129
-1.698	9.099
-1.608	8.919
-1.558	8.859
-1.498	8.759
POLYLINE BLACK
-2.248	12.899
-2.208	12.649
-2.198	12.489
-2.168	12.329
-2.168	12.289
-2.138	12.149
-2.098	11.889
-2.088	11.699
-2.058	11.479
-1.998	10.999
-1.988	10.779
POLYLINE BLACK
-2.598	14.579
-2.588	14.559
-2.598	14.539
-2.578	14.389
-2.538	14.239
-2.538	14.159
-2.478	13.859
-2.448	13.769
-2.398	13.569
-2.318	13.349
-2.298	13.309
-2.298	13.279
-2.268	13.159
-2.268	13.119
-2.248	13.059
-2.228	12.979
-2.218	12.909
-2.208	12.869
POLYLINE CONNECT
0.442	8.819
-1.813	8.752
POLYLINE BLACK
-3.068	10.448
-2.958	10.178
-2.918	10.048
-2.908	9.978
-2.888	9.928
-2.878	9.698
-2.868	9.588
-2.868	9.498
-2.858	9.408
-2.778	9.168
-2.718	9.038
-2.648	8.938
-2.578	8.748
-2.448	8.598
POLYLINE BLACK
-6.383	32.223
-6.373	32.218
-6.358	32.188
-6.298	32.088
-6.258	32.028
-6.258	32.043
-6.303	32.108
-6.338	32.148
-6.363	32.198
-6.393	32.223
-6.403	32.228
POLYLINE BLACK
-6.393	32.183
-6.383	32.183
POLYLINE BLACK
-6.418	32.088
-6.418	32.098
-6.413	32.108
-6.413	32.133
-6.423	32.233
-6.423	32.253
-6.428	32.233
-6.428	32.183
-6.423	32.148
-6.423	32.163
-6.428	32.173
-6.428	32.208
-6.433	32.233
-6.433	32.278
-6.428	32.288
-6.433	32.298
-6.423	32.288
-6.393	32.273
-6.368	32.253
-6.338	32.238
-6.283	32.198
-6.273	32.188
-6.293	32.213
-6.348	32.248
-6.358	32.243
-6.348	32.243
-6.298	32.213
-6.288	32.213
-6.268	32.198
POLYLINE BLACK
-6.283	32.038
-6.298	32.073
-6.318	32.103
-6.358	32.178
-6.358	32.178
-6.353	32.158
-6.323	32.098
-6.323	32.113
-6.353	32.193
-6.358	32.203
-6.358	32.193
-6.333	32.158
-6.283	32.038
POLYLINE BLACK
-0.883	5.926
-0.862	5.877
-0.862	5.849
-0.841	5.765
-0.841	5.744
-0.827	5.716
-0.827	5.702
-0.820	5.688
-0.813	5.625
-0.806	5.597
-0.799	5.520
-0.792	5.499
-0.792	5.471
-0.785	5.436
-0.785	5.422
-0.778	5.408
-0.778	5.373
-0.771	5.345
-0.771	5.296
-0.764	5.261
-0.764	5.247
-0.757	5.233
-0.757	5.198
-0.736	5.142
-0.729	5.107
-0.701	5.016
-0.701	4.988
-0.694	4.960
-0.673	4.841
-0.673	4.813
-0.659	4.771
-0.659	4.708
-0.652	4.673
-0.652	4.631
-0.645	4.603
-0.645	4.575
-0.638	4.561
-0.638	4.526
-0.624	4.470
-0.603	4.386
-0.596	4.372
-0.596	4.351
-0.582	4.323
-0.582	4.281
-0.568	4.253
-0.568	4.232
-0.554	4.204
-0.554	4.162
-0.547	4.134
-0.547	4.085
-0.540	4.057
-0.533	3.994
-0.533	3.973
-0.519	3.931
-0.519	3.910
-0.512	3.882
-0.512	3.854
-0.498	3.819
-0.498	3.763
POLYLINE BLACK
-0.190	2.083
-0.190	2.097
-0.204	2.132
-0.218	2.230
-0.218	2.335
-0.225	2.363
-0.225	2.412
-0.239	2.468
-0.239	2.496
-0.246	2.510
-0.246	2.545
-0.253	2.573
-0.253	2.622
-0.267	2.671
-0.267	2.685
-0.281	2.727
-0.281	2.755
-0.295	2.783
-0.295	2.797
-0.316	2.881
-0.316	2.916
-0.323	2.944
-0.337	3.028
-0.358	3.105
-0.358	3.168
-0.365	3.182
-0.365	3.217
-0.379	3.266
-0.386	3.343
-0.386	3.364
-0.393	3.392
-0.393	3.406
-0.407	3.441
-0.414	3.483
-0.442	3.609
-0.456	3.693
-0.456	3.721
-0.470	3.756
-0.470	3.770
-0.484	3.798
-0.484	3.819
-0.498	3.826
-0.505	3.840
POLYLINE BLACK
-0.162	1.992
-0.197	2.125
POLYLINE BLACK
-0.333	1.797
-0.323	1.792
-0.293	1.742
-0.278	1.697
-0.278	1.667
-0.283	1.657
-0.273	1.632
-0.273	1.622
-0.268	1.612
-0.268	1.597
-0.258	1.557
-0.258	1.547
-0.263	1.537
-0.263	1.522
-0.268	1.502
-0.268	1.457
-0.263	1.437
-0.263	1.427
-0.258	1.407
-0.258	1.372
-0.253	1.352
-0.253	1.322
-0.233	1.242
-0.228	1.192
-0.218	1.152
-0.203	1.087
-0.198	1.047
-0.198	1.022
-0.193	0.997
-0.193	0.947
-0.188	0.912
-0.178	0.892
-0.178	0.882
-0.173	0.872
-0.173	0.857
-0.168	0.827
-0.168	0.807
-0.153	0.767
-0.153	0.752
-0.138	0.692
-0.138	0.667
-0.123	0.637
POLYLINE BLACK
-0.323	1.792
-0.353	1.782
-0.393	1.792
-0.423	1.817
-0.423	1.837
-0.433	1.847
-0.433	1.862
-0.428	1.872
-0.433	1.882
POLYLINE BLACK
0.012	1.842
0.012	1.832
0.007	1.842
-0.033	1.862
-0.043	1.862
-0.078	1.882
-0.088	1.882
-0.108	1.897
-0.128	1.897
-0.138	1.902
-0.143	1.912
-0.153	1.912
-0.178	1.942
POLYLINE BLACK
-0.113	0.637
-0.133	0.627
-0.143	0.627
-0.183	0.592
-0.198	0.587
-0.208	0.577
-0.228	0.537
-0.238	0.532
-0.248	0.512
-0.268	0.497
-0.273	0.487
-0.333	0.442
-0.363	0.417
-0.383	0.402
-0.383	0.392
-0.398	0.357
-0.403	0.322
-0.418	0.292
-0.433	0.272
-0.443	0.247
POLYLINE BLACK
0.042	1.836
0.014	1.808
0.007	1.759
0.014	1.731
0.021	1.668
0.021	1.577
0.028	1.549
0.028	1.500
0.035	1.472
0.035	1.185
0.042	1.150
0.042	1.136
0.035	1.108
0.035	1.059
0.042	1.031
0.042	0.982
0.049	0.954
0.049	0.737
0.042	0.709
0.042	0.688
0.049	0.674
0.049	0.464
0.042	0.450
0.042	0.366
0.035	0.338
0.035	0.212
0.028	0.184
0.028	0.135
0.021	0.107
0.021	0.002

ELEVATION
STATIONS
39.644	11.025	
0.000	0.000	1.0
1.963	0.057	1.1
8.952	0.720	1.2
15.939	1.180	1.3
22.155	1.951	1.4
30.689	1.154	1.5
34.337	2.093	1.6
36.593	1.694	1.7
39.037	2.357	1.8
41.124	2.006	1.9
36.116	2.220	1.10
38.902	2.871	1.11
39.455	4.240	1.12
41.591	3.987	1.13
28.118	-5.001	1.5
22.311	6.852	1.4
16.071	6.088	1.3
7.421	6.357	1.2
11.021	6.202	1.2
7.436	6.337	1.2
-4.337	4.747	1.0
-2.646	5.951	1.1
-1.155	9.610	1.0
3.350	9.350	1.0
SHOTS
39.455	4.240	41.591	3.987
41.591	3.987	41.324	3.928
41.591	3.987	41.312	3.877
41.591	3.987	41.483	3.942
41.591	3.987	41.326	3.961
41.591	3.987	41.334	3.995
41.591	3.987	41.313	3.862
41.591	3.987	41.324	3.975
41.591	3.987	41.279	3.943
41.591	3.987	41.445	3.798
41.591	3.987	41.318	3.803
41.591	3.987	41.524	4.068
41.591	3.987	41.640	4.005
41.591	3.987	41.620	3.841
41.591	3.987	41.372	3.787
41.591	3.987	41.147	3.918
41.591	3.987	41.115	4.064
41.591	3.987	40.936	4.072
41.591	3.987	40.920	3.966
41.591	3.987	40.873	4.133
41.591	3.987	40.979	4.311
41.591	3.987	40.891	4.483
41.591	3.987	40.816	4.504
41.591	3.987	40.676	4.564
41.591	3.987	40.588	4.572
41.591	3.987	41.418	4.205
41.591	3.987	41.278	4.268
41.591	3.987	40.593	4.713
41.591	3.987	41.189	3.911
41.591	3.987	41.232	3.831
41.591	3.987	41.039	3.898
41.591	3.987	41.079	3.912
41.591	3.987	41.195	3.893
41.591	3.987	41.003	4.018
41.591	3.987	41.308	3.961
38.902	2.871	39.455	4.240
39.455	4.240	38.766	5.247
39.455	4.240	38.671	5.550
39.455	4.240	39.324	5.301
39.455	4.240	39.491	4.878
39.455	4.240	39.490	4.476
39.455	4.240	39.250	4.411
39.455	4.240	39.475	4.234
39.455	4.240	39.646	4.292
39.455	4.240	39.857	4.143
39.455	4.240	39.821	4.007
39.455	4.240	39.369	4.036
39.455	4.240	38.624	4.776
39.455	4.240	38.923	5.098
39.455	4.240	39.255	5.063
39.455	4.240	39.527	4.779
39.455	4.240	39.438	5.202
39.455	4.240	38.691	3.997
39.455	4.240	39.061	3.928
39.455	4.240	38.978	3.532
39.455	4.240	38.967	3.209
39.455	4.240	38.960	2.725
39.455	4.240	39.004	2.641
39.455	4.240	38.430	2.029
39.455	4.240	39.404	4.854
36.116	2.220	38.902	2.871
38.902	2.871	38.693	2.866
38.902	2.871	38.808	2.581
38.902	2.871	38.939	2.416
38.902	2.871	38.719	2.958
38.902	2.871	38.754	3.096
38.902	2.871	39.558	3.059
38.902	2.871	39.474	3.361
38.902	2.871	39.155	3.305
38.902	2.871	39.887	3.345
38.902	2.871	40.076	3.727
34.337	2.093	36.116	2.220
36.116	2.220	36.202	3.110
36.116	2.220	35.992	5.422
36.116	2.220	36.297	2.993
36.116	2.220	36.634	2.711
36.116	2.220	36.928	2.621
36.116	2.220	37.866	2.982
36.116	2.220	38.031	3.097
36.116	2.220	39.111	2.557
36.116	2.220	39.182	2.613
36.116	2.220	38.801	2.498
36.116	2.220	38.120	1.883
36.116	2.220	37.651	1.438
36.116	2.220	37.792	1.769
36.116	2.220	37.819	2.422
36.116	2.220	37.497	2.829
36.116	2.220	34.285	2.656
36.116	2.220	34.291	2.706
36.116	2.220	34.300	1.926
36.116	2.220	33.113	1.270
36.116	2.220	34.515	1.313
36.116	2.220	34.615	1.220
36.116	2.220	34.285	3.556
36.116	2.220	33.763	4.799
36.116	2.220	33.803	6.934
36.116	2.220	33.971	6.980
36.116	2.220	34.387	7.389
36.116	2.220	34.861	8.037
36.116	2.220	35.039	7.520
36.116	2.220	35.339	7.881
39.037	2.357	41.124	2.006
41.124	2.006	41.649	3.008
41.124	2.006	41.219	3.389
41.124	2.006	40.625	3.661
41.124	2.006	39.708	4.618
41.124	2.006	39.933	3.728
41.124	2.006	39.662	3.634
41.124	2.006	39.720	2.824
41.124	2.006	39.752	2.503
41.124	2.006	40.046	2.262
41.124	2.006	39.995	2.150
41.124	2.006	39.615	2.172
41.124	2.006	39.542	2.277
41.124	2.006	38.644	3.761
41.124	2.006	38.460	3.499
41.124	2.006	38.504	3.146
41.124	2.006	38.403	2.765
41.124	2.006	38.844	2.594
41.124	2.006	39.081	2.123
41.124	2.006	39.651	1.406
41.124	2.006	38.865	2.676
41.124	2.006	39.072	2.365
41.124	2.006	38.777	2.078
41.124	2.006	38.801	2.089
41.124	2.006	39.065	1.692
41.124	2.006	39.359	1.347
41.124	2.006	39.386	1.225
41.124	2.006	40.147	1.189
41.124	2.006	40.590	1.062
41.124	2.006	41.129	0.281
41.124	2.006	41.252	0.056
41.124	2.006	41.349	0.728
41.124	2.006	41.340	0.749
41.124	2.006	42.513	-0.153
41.124	2.006	42.514	-0.118
41.124	2.006	42.658	-0.271
41.124	2.006	42.617	-0.300
41.124	2.006	42.609	1.406
41.124	2.006	42.383	1.980
36.593	1.694	39.037	2.357
39.037	2.357	39.502	1.826
39.037	2.357	40.085	1.861
39.037	2.357	40.839	2.120
39.037	2.357	41.148	2.376
39.037	2.357	41.216	1.977
39.037	2.357	41.173	1.627
39.037	2.357	41.282	1.226
39.037	2.357	41.336	0.838
39.037	2.357	41.157	0.628
39.037	2.357	41.405	0.634
39.037	2.357	41.293	0.459
39.037	2.357	40.068	1.176
39.037	2.357	40.058	1.199
39.037	2.357	40.098	1.200
39.037	2.357	42.341	0.852
39.037	2.357	42.510	0.973
39.037	2.357	42.479	1.356
39.037	2.357	42.578	1.352
39.037	2.357	42.575	1.323
39.037	2.357	42.495	1.290
39.037	2.357	42.333	1.887
39.037	2.357	42.449	2.191
39.037	2.357	42.067	2.495
39.037	2.357	41.843	2.610
39.037	2.357	41.692	2.643
39.037	2.357	41.919	2.701
39.037	2.357	41.870	2.675
39.037	2.357	41.760	2.622
39.037	2.357	41.843	2.013
39.037	2.357	41.740	3.223
39.037	2.357	40.374	3.120
39.037	2.357	40.367	3.329
39.037	2.357	40.032	1.208
39.037	2.357	40.663	1.169
39.037	2.357	42.154	0.678
39.037	2.357	42.269	0.626
39.037	2.357	42.417	0.566
39.037	2.357	42.473	0.548
39.037	2.357	40.347	3.226
39.037	2.357	40.456	3.505
34.337	2.093	36.593	1.694
36.593	1.694	38.482	3.122
36.593	1.694	38.663	2.804
36.593	1.694	38.980	2.586
36.593	1.694	39.003	2.996
36.593	1.694	38.064	2.270
36.593	1.694	37.815	1.886
36.593	1.694	38.078	1.882
36.593	1.694	37.931	2.084
36.593	1.694	37.699	2.115
36.593	1.694	37.886	1.992
36.593	1.694	37.943	1.849
36.593	1.694	37.770	1.252
36.593	1.694	35.211	1.278
36.593	1.694	34.898	1.255
36.593	1.694	35.207	1.139
36.593	1.694	37.193	1.147
36.593	1.694	37.822	1.108
36.593	1.694	38.088	1.140
36.593	1.694	37.210	1.681
36.593	1.694	36.972	1.850
36.593	1.694	37.304	2.520
36.593	1.694	39.895	1.168
34.337	2.093	39.644	11.025
30.689	1.154	34.337	2.093
34.337	2.093	33.304	8.808
34.337	2.093	33.401	8.068
34.337	2.093	32.467	8.327
34.337	2.093	33.246	6.936
34.337	2.093	33.098	6.327
34.337	2.093	32.270	6.548
34.337	2.093	32.652	5.191
34.337	2.093	32.729	5.246
34.337	2.093	33.173	3.796
34.337	2.093	33.306	2.978
34.337	2.093	32.608	2.620
34.337	2.093	32.763	2.912
34.337	2.093	32.811	2.963
34.337	2.093	32.568	2.435
34.337	2.093	32.681	1.507
34.337	2.093	33.968	3.993
34.337	2.093	34.681	3.968
34.337	2.093	33.270	4.100
34.337	2.093	32.948	3.725
34.337	2.093	32.721	3.527
34.337	2.093	32.410	3.504
34.337	2.093	32.788	3.000
34.337	2.093	33.013	2.547
34.337	2.093	33.504	2.260
34.337	2.093	34.287	2.481
34.337	2.093	34.557	2.790
34.337	2.093	32.287	2.548
34.337	2.093	32.101	2.483
34.337	2.093	31.733	2.217
34.337	2.093	31.502	1.980
34.337	2.093	31.150	1.710
34.337	2.093	31.122	2.241
34.337	2.093	30.894	2.285
34.337	2.093	31.895	1.155
34.337	2.093	32.071	1.125
34.337	2.093	32.543	1.139
34.337	2.093	32.733	1.337
34.337	2.093	35.831	2.749
34.337	2.093	36.456	2.243
34.337	2.093	36.269	2.622
34.337	2.093	36.536	2.160
34.337	2.093	36.122	2.677
34.337	2.093	35.815	3.136
34.337	2.093	35.841	3.116
34.337	2.093	35.541	2.984
34.337	2.093	35.134	3.327
34.337	2.093	35.207	3.159
34.337	2.093	35.003	3.945
34.337	2.093	34.449	5.359
34.337	2.093	33.921	6.735
34.337	2.093	33.557	8.147
34.337	2.093	33.371	9.756
34.337	2.093	33.629	9.542
34.337	2.093	34.160	7.804
34.337	2.093	34.493	5.904
34.337	2.093	32.583	9.188
34.337	2.093	34.048	5.527
34.337	2.093	34.680	3.642
34.337	2.093	37.363	1.159
34.337	2.093	36.842	1.143
34.337	2.093	36.034	1.139
34.337	2.093	35.272	1.204
34.337	2.093	35.530	1.668
34.337	2.093	35.244	2.073
34.337	2.093	35.059	2.252
22.155	1.951	30.689	1.154
30.689	1.154	25.906	2.368
30.689	1.154	27.155	2.642
30.689	1.154	27.454	2.936
30.689	1.154	28.409	2.913
30.689	1.154	28.625	3.401
30.689	1.154	27.036	1.641
30.689	1.154	27.914	2.056
30.689	1.154	29.043	2.373
30.689	1.154	29.686	1.457
30.689	1.154	27.943	1.126
30.689	1.154	28.468	1.425
30.689	1.154	29.566	1.094
30.689	1.154	28.985	1.103
30.689	1.154	29.911	2.065
30.689	1.154	33.600	2.643
30.689	1.154	33.460	2.712
30.689	1.154	31.718	3.028
30.689	1.154	31.048	2.821
30.689	1.154	31.563	2.210
30.689	1.154	30.921	1.824
30.689	1.154	32.610	1.187
30.689	1.154	32.263	1.186
30.689	1.154	36.759	2.363
30.689	1.154	36.394	2.773
30.689	1.154	32.362	2.081
30.689	1.154	32.387	2.327
30.689	1.154	33.990	2.240
30.689	1.154	34.079	1.732
30.689	1.154	30.457	2.604
30.689	1.154	30.196	2.563
15.939	1.180	22.155	1.951
22.155	1.951	21.091	2.771
22.155	1.951	20.006	2.483
22.155	1.951	19.990	2.069
22.155	1.951	19.446	1.506
22.155	1.951	19.219	0.932
22.155	1.951	21.324	1.730
22.155	1.951	21.888	1.574
22.155	1.951	22.186	1.437
22.155	1.951	22.515	2.416
22.155	1.951	23.193	2.284
22.155	1.951	23.163	1.708
22.155	1.951	23.905	0.961
22.155	1.951	24.726	1.435
22.155	1.951	27.265	1.018
22.155	1.951	27.229	1.468
22.155	1.951	25.209	0.940
22.155	1.951	23.665	0.916
22.155	1.951	22.342	2.491
22.155	1.951	22.790	2.147
22.155	1.951	22.301	2.125
22.155	1.951	22.040	1.925
22.155	1.951	21.680	0.929
22.155	1.951	20.943	1.628
22.155	1.951	21.335	2.537
22.155	1.951	20.143	2.394
22.155	1.951	20.037	2.560
22.155	1.951	20.150	2.546
22.155	1.951	19.315	1.850
22.155	1.951	18.867	2.086
22.155	1.951	19.004	2.023
22.155	1.951	19.715	1.927
22.155	1.951	19.475	1.307
22.155	1.951	19.790	1.387
22.155	1.951	20.310	1.397
22.155	1.951	19.735	0.940
22.155	1.951	19.303	0.880
22.155	1.951	17.917	0.803
22.155	1.951	18.183	0.813
22.155	1.951	19.535	0.864
22.155	1.951	20.926	0.901
22.155	1.951	20.900	1.345
22.155	1.951	24.106	0.959
22.155	1.951	25.126	0.958
22.155	1.951	26.212	0.983
22.155	1.951	24.282	0.944
22.155	1.951	23.344	2.302
22.155	1.951	23.494	1.417
22.155	1.951	22.577	1.575
8.952	0.720	15.939	1.180
15.939	1.180	16.504	2.323
15.939	1.180	15.976	1.985
15.939	1.180	15.947	1.579
15.939	1.180	15.948	1.217
15.939	1.180	17.931	1.694
15.939	1.180	17.816	0.898
15.939	1.180	18.997	0.904
15.939	1.180	20.285	1.523
15.939	1.180	20.828	0.957
15.939	1.180	17.925	0.857
15.939	1.180	19.194	0.931
15.939	1.180	16.516	2.279
15.939	1.180	16.028	1.860
15.939	1.180	15.737	1.735
15.939	1.180	16.982	1.353
15.939	1.180	17.997	1.568
15.939	1.180	17.688	2.205
15.939	1.180	17.533	2.380
15.939	1.180	18.958	1.517
15.939	1.180	20.390	1.822
15.939	1.180	20.131	1.270
15.939	1.180	18.318	0.835
15.939	1.180	20.090	0.930
15.939	1.180	18.374	0.873
15.939	1.180	19.584	0.883
15.939	1.180	17.487	0.801
15.939	1.180	15.518	1.585
15.939	1.180	15.454	2.000
15.939	1.180	15.592	2.375
15.939	1.180	15.022	1.079
15.939	1.180	14.750	0.678
15.939	1.180	15.582	0.975
15.939	1.180	15.995	1.230
15.939	1.180	15.739	0.750
15.939	1.180	15.287	0.727
15.939	1.180	15.176	0.672
15.939	1.180	14.509	0.713
15.939	1.180	13.923	0.910
15.939	1.180	12.995	0.665
15.939	1.180	14.131	0.795
15.939	1.180	14.709	0.760
15.939	1.180	12.957	0.617
15.939	1.180	9.430	1.272
15.939	1.180	10.522	1.433
15.939	1.180	10.805	1.997
15.939	1.180	9.261	2.029
15.939	1.180	9.212	0.341
15.939	1.180	10.094	0.323
15.939	1.180	12.277	0.545
15.939	1.180	10.965	0.683
15.939	1.180	9.258	0.594
15.939	1.180	12.622	0.715
1.963	0.057	8.952	0.720
8.952	0.720	9.028	0.886
8.952	0.720	9.112	0.486
8.952	0.720	10.013	0.568
8.952	0.720	10.275	1.142
8.952	0.720	11.631	1.755
8.952	0.720	11.968	0.471
8.952	0.720	11.258	0.435
8.952	0.720	9.590	0.170
8.952	0.720	9.503	0.956
8.952	0.720	10.326	1.827
8.952	0.720	7.079	-0.143
8.952	0.720	6.936	0.482
8.952	0.720	8.107	0.471
8.952	0.720	7.403	1.016
8.952	0.720	4.848	1.519
8.952	0.720	6.455	1.032
8.952	0.720	4.202	1.234
8.952	0.720	2.555	1.125
8.952	0.720	1.823	0.758
8.952	0.720	2.057	0.514
8.952	0.720	7.201	0.265
8.952	0.720	8.477	0.677
8.952	0.720	8.311	0.372
8.952	0.720	7.686	0.172
8.952	0.720	7.152	0.113
8.952	0.720	7.063	0.699
8.952	0.720	4.969	0.641
8.952	0.720	2.246	0.688
0.000	0.000	1.963	0.057
1.963	0.057	3.565	0.388
1.963	0.057	4.014	0.733
1.963	0.057	5.588	1.073
1.963	0.057	6.350	0.676
1.963	0.057	5.424	0.524
1.963	0.057	6.118	0.241
1.963	0.057	6.156	-0.002
1.963	0.057	7.093	-0.130
1.963	0.057	3.250	-0.174
1.963	0.057	4.638	-0.013
1.963	0.057	3.466	0.436
1.963	0.057	3.383	1.327
1.963	0.057	3.179	1.455
1.963	0.057	2.512	1.009
1.963	0.057	2.006	0.675
1.963	0.057	2.232	1.032
1.963	0.057	2.374	1.031
1.963	0.057	2.424	0.705
0.000	0.000	0.035	0.753
0.000	0.000	0.126	0.533
0.000	0.000	0.193	0.180
0.000	0.000	0.283	-0.229
0.000	0.000	0.312	-0.624
0.000	0.000	0.384	-1.334
0.000	0.000	0.310	-1.388
0.000	0.000	0.184	-1.076
0.000	0.000	0.066	-0.330
0.000	0.000	-0.026	0.476
0.000	0.000	0.086	0.608
0.000	0.000	1.851	-0.446
28.118	-5.001	30.582	-3.787	
28.118	-5.001	30.084	-3.513	
28.118	-5.001	30.028	-3.219	
28.118	-5.001	29.605	-3.242	
28.118	-5.001	29.596	-2.754	
28.118	-5.001	30.542	-4.514	
28.118	-5.001	30.268	-4.099	
28.118	-5.001	29.762	-3.782	
28.118	-5.001	29.906	-4.698	
28.118	-5.001	29.015	-5.029	
28.118	-5.001	29.168	-4.730	
28.118	-5.001	29.014	-5.061	
28.118	-5.001	30.126	-5.052	
28.118	-5.001	29.733	-4.090	
28.118	-5.001	29.147	-3.512	
28.118	-5.001	28.713	-3.443	
28.118	-5.001	29.002	-3.127	
28.118	-5.001	29.132	-3.334	
28.118	-5.001	29.565	-3.945	
28.118	-5.001	29.626	-4.331	
28.118	-5.001	29.942	-4.968	
28.118	-5.001	29.893	-4.969	
28.118	-5.001	31.731	-3.792	
28.118	-5.001	32.007	-3.382	
28.118	-5.001	29.560	-4.074	
28.118	-5.001	29.220	-3.828	
28.118	-5.001	29.711	-3.915	
28.118	-5.001	29.691	-4.423	
28.118	-5.001	29.212	-3.551	
28.118	-5.001	29.134	-3.592	
22.311	6.852	22.410	7.672	
22.311	6.852	22.446	7.384	
22.311	6.852	23.102	6.970	
22.311	6.852	23.223	6.407	
22.311	6.852	23.562	5.833	
22.311	6.852	23.109	6.631	
22.311	6.852	23.143	6.475	
22.311	6.852	23.306	6.338	
22.311	6.852	22.549	7.317	
22.311	6.852	22.798	7.185	
22.311	6.852	23.189	6.609	
22.311	6.852	23.506	5.862	
22.311	6.852	23.306	6.336	
22.311	6.852	23.416	5.919	
22.311	6.852	23.170	6.369	
22.311	6.852	22.952	5.841	
22.311	6.852	22.895	5.817	
22.311	6.852	22.570	7.392	
22.311	6.852	22.953	7.048	
22.311	6.852	23.001	7.026	
22.311	6.852	23.160	6.826	
22.311	6.852	23.426	5.830	
22.311	6.852	23.150	6.529	
22.311	6.852	22.798	7.438	
22.311	6.852	23.043	7.295	
22.311	6.852	22.783	7.461	
22.311	6.852	22.404	7.447	
22.311	6.852	22.494	6.751	
22.311	6.852	22.646	6.987	
22.311	6.852	22.957	6.924	
22.311	6.852	23.016	6.828	
22.311	6.852	23.337	6.208	
22.311	6.852	23.298	6.288	
22.311	6.852	23.260	6.298	
22.311	6.852	23.569	5.841	
22.311	6.852	23.437	5.781	
22.311	6.852	23.310	5.704	
22.311	6.852	22.775	5.714	
22.311	6.852	22.713	5.765	
22.311	6.852	22.733	5.802	
22.311	6.852	22.482	6.246	
22.311	6.852	23.476	5.860	
22.311	6.852	23.192	5.859	
22.311	6.852	23.101	5.884	
22.311	6.852	22.964	5.845	
22.311	6.852	22.509	7.203	
22.311	6.852	23.350	6.318	
22.311	6.852	23.223	6.476	
16.071	6.088	15.513	7.231	
16.071	6.088	15.261	6.893	
16.071	6.088	15.283	6.487	
16.071	6.088	15.377	6.125	
16.071	6.088	15.143	6.602	
16.071	6.088	15.433	5.806	
16.071	6.088	15.692	5.812	
16.071	6.088	15.325	6.431	
16.071	6.088	15.670	5.865	
16.071	6.088	16.101	5.765	
16.071	6.088	16.169	5.839	
16.071	6.088	15.465	7.187	
16.071	6.088	15.286	6.768	
16.071	6.088	15.261	6.643	
16.071	6.088	15.205	6.261	
16.071	6.088	15.121	6.476	
16.071	6.088	15.275	7.113	
16.071	6.088	15.430	7.288	
16.071	6.088	15.340	6.425	
16.071	6.088	15.213	6.730	
16.071	6.088	15.404	6.178	
16.071	6.088	15.613	5.743	
16.071	6.088	15.707	5.838	
16.071	6.088	15.996	5.781	
16.071	6.088	16.119	5.791	
16.071	6.088	16.080	5.709	
16.071	6.088	15.393	6.493	
16.071	6.088	15.257	6.908	
16.071	6.088	15.372	7.283	
16.071	6.088	15.536	5.987	
16.071	6.088	15.602	5.586	
16.071	6.088	15.449	5.883	
16.071	6.088	15.398	6.138	
16.071	6.088	15.416	5.658	
16.071	6.088	15.519	5.635	
16.071	6.088	15.678	5.580	
16.071	6.088	16.180	5.621	
16.071	6.088	15.452	5.818	
16.071	6.088	16.417	5.573	
16.071	6.088	16.488	5.703	
16.071	6.088	16.599	5.668	
16.071	6.088	15.959	5.525	
16.071	6.088	15.418	6.180	
16.071	6.088	14.860	6.341	
16.071	6.088	14.874	6.905	
16.071	6.088	14.749	6.937	
16.071	6.088	14.986	5.249	
16.071	6.088	15.171	5.231	
16.071	6.088	15.414	5.453	
16.071	6.088	15.957	5.591	
16.071	6.088	15.677	5.502	
16.071	6.088	15.280	5.623	
7.421	6.357	6.659	6.523	
7.421	6.357	6.644	6.123	
7.421	6.357	6.602	6.205	
7.421	6.357	6.671	6.779	
7.421	6.357	6.630	7.392	
7.421	6.357	7.110	6.108	
7.421	6.357	7.527	6.072	
7.421	6.357	7.252	5.807	
7.421	6.357	7.476	6.593	
7.421	6.357	6.761	7.464	
7.421	6.357	7.636	5.494	
7.421	6.357	7.051	6.119	
7.421	6.357	7.224	6.108	
7.421	6.357	7.430	6.653	
7.421	6.357	6.972	7.156	
7.421	6.357	6.948	6.669	
7.421	6.357	6.685	6.871	
7.421	6.357	6.842	6.762	
7.421	6.357	6.877	6.395	
7.421	6.357	7.123	6.151	
7.421	6.357	7.761	5.902	
7.421	6.357	7.832	6.314	
7.421	6.357	7.884	6.009	
7.421	6.357	7.815	5.809	
7.421	6.357	7.752	5.750	
7.421	6.357	7.563	6.336	
7.421	6.357	7.399	6.278	
7.421	6.357	7.157	6.325	
11.021	6.202	10.262	6.099	
11.021	6.202	10.228	6.178	
11.021	6.202	9.977	7.044	
11.021	6.202	9.985	7.315	
11.021	6.202	9.629	8.625	
11.021	6.202	10.018	9.063	
11.021	6.202	10.589	8.470	
11.021	6.202	10.708	6.783	
11.021	6.202	10.947	6.751	
11.021	6.202	10.060	7.386	
11.021	6.202	11.666	4.431	
11.021	6.202	11.129	4.156	
11.021	6.202	11.026	5.335	
11.021	6.202	11.390	4.698	
11.021	6.202	11.537	2.106	
11.021	6.202	11.140	3.664	
11.021	6.202	11.409	1.412	
11.021	6.202	11.944	-0.154	
11.021	6.202	12.147	-0.858	
11.021	6.202	12.333	-0.573	
11.021	6.202	11.758	4.579	
11.021	6.202	11.531	5.836	
11.021	6.202	11.620	5.687	
11.021	6.202	11.698	5.063	
11.021	6.202	11.761	4.528	
11.021	6.202	11.598	4.398	
11.021	6.202	11.925	2.323	
11.021	6.202	12.322	-0.382	
7.436	6.337	6.674	6.503	
7.436	6.337	6.659	6.103	
7.436	6.337	6.617	6.185	
7.436	6.337	6.686	6.759	
7.436	6.337	6.645	7.372	
7.436	6.337	7.125	6.088	
7.436	6.337	7.542	6.052	
7.436	6.337	7.267	5.787	
7.436	6.337	7.491	6.573	
7.436	6.337	6.776	7.444	
7.436	6.337	7.651	5.474	
7.436	6.337	7.066	6.099	
7.436	6.337	7.239	6.088	
7.436	6.337	7.445	6.633	
7.436	6.337	6.987	7.136	
7.436	6.337	6.963	6.649	
7.436	6.337	6.700	6.851	
7.436	6.337	6.857	6.742	
7.436	6.337	6.892	6.375	
7.436	6.337	7.138	6.131	
7.436	6.337	7.776	5.882	
7.436	6.337	7.847	6.294	
7.436	6.337	7.899	5.989	
7.436	6.337	7.830	5.789	
7.436	6.337	7.767	5.730	
7.436	6.337	7.578	6.316	
7.436	6.337	7.414	6.258	
7.436	6.337	7.172	6.305	
-4.337	4.747	-4.658	5.500	
-4.337	4.747	-4.740	5.280	
-4.337	4.747	-4.685	4.927	
-4.337	4.747	-4.720	4.518	
-4.337	4.747	-4.610	4.123	
-4.337	4.747	-4.390	3.413	
-4.337	4.747	-4.137	3.359	
-4.337	4.747	-3.948	3.671	
-4.337	4.747	-4.163	4.417	
-4.337	4.747	-4.398	5.223	
-4.337	4.747	-4.576	5.355	
-4.337	4.747	-4.139	4.301	
-2.646	5.951	-3.493	7.478	
-2.646	5.951	-3.610	7.917	
-2.646	5.951	-3.901	9.470	
-2.646	5.951	-3.866	10.239	
-2.646	5.951	-3.840	9.311	
-2.646	5.951	-3.811	10.011	
-2.646	5.951	-3.601	10.071	
-2.646	5.951	-3.549	11.017	
-2.646	5.951	-2.760	7.234	
-2.646	5.951	-2.961	8.608	
-2.646	5.951	-2.768	7.450	
-2.646	5.951	-3.429	7.301	
-2.646	5.951	-3.423	7.096	
-2.646	5.951	-2.927	6.475	
-2.646	5.951	-3.170	5.943	
-2.646	5.951	-3.180	6.169	
-2.646	5.951	-2.995	6.330	
-2.646	5.951	-2.689	6.411	
-1.155	9.610	-1.478	10.363	
-1.155	9.610	-1.568	10.143	
-1.155	9.610	-1.520	9.790	
-1.155	9.610	-1.564	9.381	
-1.155	9.610	-1.457	8.986	
-1.155	9.610	-1.245	8.276	
-1.155	9.610	-0.987	8.222	
-1.155	9.610	-0.786	8.534	
-1.155	9.610	-0.989	9.280	
-1.155	9.610	-1.213	10.086	
-1.155	9.610	-1.401	10.218	
-1.155	9.610	-1.140	9.164	
3.350	9.350	3.027	9.353	
3.350	9.350	2.937	9.436	
3.350	9.350	2.985	9.508	
3.350	9.350	2.941	9.595	
3.350	9.350	3.048	9.634	
3.350	9.350	3.260	9.727	
3.350	9.350	3.518	9.678	
3.350	9.350	3.719	9.572	
3.350	9.350	3.516	9.433	
3.350	9.350	3.292	9.318	
3.350	9.350	3.104	9.413	
3.350	9.350	3.365	11.212	
POLYLINE BLACK
13.618	-9.261
POLYLINE CONNECT
28.118	-5.001
30.689	1.154
POLYLINE CONNECT
22.311	6.852
22.155	1.951
POLYLINE BLACK
15.416	5.957
15.431	5.957
15.446	5.912
15.446	5.842
15.441	5.832
15.441	5.817
15.396	5.727
15.396	5.692
15.411	5.672
15.421	5.647
15.441	5.632
15.461	5.627
15.496	5.602
15.531	5.587
15.541	5.597
POLYLINE BLACK
15.511	7.252
15.521	7.247
15.521	7.227
15.516	7.217
15.496	7.202
15.486	7.212
15.476	7.212
15.466	7.217
15.456	7.212
15.431	7.242
15.426	7.252
15.416	7.257
15.391	7.297
15.376	7.317
15.366	7.317
15.356	7.322
15.326	7.302
15.281	7.222
15.281	7.212
15.271	7.172
15.271	7.147
15.261	7.107
15.261	7.032
15.256	7.012
15.256	6.972
15.261	6.952
15.261	6.897
15.266	6.877
15.266	6.867
15.286	6.792
15.286	6.782
15.291	6.762
15.291	6.722
15.276	6.672
15.261	6.647
15.261	6.637
15.291	6.592
15.301	6.592
15.321	6.577
15.331	6.577
15.361	6.557
15.371	6.552
15.376	6.542
15.391	6.542
15.406	6.517
15.381	6.512
15.361	6.517
15.341	6.512
15.321	6.522
15.296	6.517
15.266	6.522
15.246	6.522
15.281	6.472
15.286	6.457
15.306	6.427
15.341	6.357
15.371	6.272
15.376	6.252
15.386	6.242
15.386	6.232
15.401	6.202
15.401	6.167
15.396	6.147
15.396	6.137
15.391	6.117
15.391	6.107
15.386	6.097
15.386	6.077
15.411	5.987
15.416	5.972
15.426	5.962
15.441	5.922
POLYLINE CONNECT
16.071	6.088
15.939	1.180
POLYLINE BLACK
-5.674	14.462
-5.614	14.372
-5.614	14.492
-5.674	14.312
-5.494	14.582
-5.254	14.792
-5.224	14.732
-5.344	14.372
-5.524	13.982
-5.554	14.072
-5.434	14.372
-5.404	14.312
-5.494	14.042
POLYLINE BLACK
-5.644	14.492
POLYLINE BLACK
-5.374	14.702
-5.404	14.642
-5.554	14.612
-5.644	14.492
-5.674	14.402
-5.644	14.342
-5.374	14.342
-5.314	14.282
-5.314	14.222
-5.434	14.102
-5.644	14.012
POLYLINE BLACK
-6.604	3.722
-6.454	3.812
-6.304	3.812
-6.184	3.782
POLYLINE BLACK
-6.274	4.412
-6.154	4.382
-6.094	4.322
-6.094	4.232
-6.304	3.872
-6.304	3.752
-6.004	3.452
POLYLINE BLACK
-6.964	4.232
-6.694	4.322
-6.634	4.292
POLYLINE BLACK
-6.844	3.902
-6.784	3.932
-6.634	3.872
POLYLINE BLACK
-6.994	3.662
-6.844	3.662
-6.664	3.602
POLYLINE BLACK
-6.964	4.562
-7.084	4.592
-7.324	4.472
-7.474	4.292
-7.384	4.142
-7.114	4.052
-7.024	3.902
-7.024	3.842
-7.174	3.722
-7.264	3.722
-7.384	3.692
POLYLINE CONNECT
7.421	6.357
8.952	0.720
POLYLINE CONNECT
11.021	6.202
8.952	0.720
POLYLINE CONNECT
7.436	6.337
8.952	0.720
POLYLINE BLACK
5.621	-0.248
5.636	-0.218
5.666	-0.218
5.696	-0.233
5.756	-0.203
5.966	-0.173
6.221	-0.173
6.386	-0.143
6.566	-0.188
6.671	-0.173
6.746	-0.188
6.806	-0.173
6.836	-0.173
6.866	-0.158
6.971	-0.173
7.121	-0.158
7.151	-0.143
7.256	-0.158
7.301	-0.173
7.661	-0.173
7.781	-0.158
7.886	-0.128
7.931	-0.128
8.051	-0.098
8.201	-0.098
8.306	-0.128
8.336	-0.143
8.366	-0.128
8.426	-0.143
8.501	-0.128
8.531	-0.128
8.606	-0.038
POLYLINE BLACK
1.961	-0.443
1.961	-0.413
1.976	-0.443
2.036	-0.443
2.096	-0.428
2.426	-0.428
2.471	-0.398
2.531	-0.398
2.561	-0.413
2.756	-0.368
2.831	-0.383
2.891	-0.368
2.981	-0.368
3.041	-0.353
3.131	-0.353
3.191	-0.368
3.386	-0.368
3.431	-0.353
3.461	-0.368
3.551	-0.368
3.686	-0.323
3.746	-0.353
3.806	-0.353
3.911	-0.308
3.941	-0.323
4.001	-0.308
4.061	-0.308
4.091	-0.323
4.121	-0.293
4.181	-0.308
4.256	-0.308
4.331	-0.278
4.526	-0.248
4.616	-0.218
4.751	-0.218
4.811	-0.188
4.871	-0.203
4.961	-0.173
4.991	-0.188
5.066	-0.188
5.126	-0.203
5.321	-0.188
5.381	-0.188
5.411	-0.203
5.441	-0.188
5.486	-0.188
5.546	-0.203
5.606	-0.203
5.666	-0.218
5.741	-0.218
5.801	-0.188
5.831	-0.188
POLYLINE BLACK
7.991	1.237
7.981	1.197
7.981	1.157
8.091	1.107
8.161	1.097
8.201	1.107
8.291	1.107
8.331	1.117
8.381	1.117
8.421	1.107
8.451	1.107
8.581	1.077
8.621	1.077
8.691	1.057
8.711	1.057
8.761	1.017
8.801	1.007
8.841	0.977
8.861	0.977
8.921	0.917
8.941	0.907
8.981	0.797
8.981	0.777
POLYLINE BLACK
7.991	1.337
7.981	1.297
7.971	1.257
7.961	1.217
7.961	1.187
POLYLINE BLACK
7.391	1.737
7.551	1.627
7.571	1.627
7.731	1.517
7.741	1.497
7.781	1.487
7.831	1.417
7.991	1.297
POLYLINE BLACK
4.921	1.687
4.941	1.677
5.051	1.707
5.191	1.707
5.321	1.737
5.411	1.737
5.521	1.787
5.561	1.777
5.611	1.807
5.761	1.837
5.801	1.837
5.821	1.847
5.861	1.817
6.061	1.817
6.101	1.807
6.131	1.807
6.201	1.787
6.281	1.787
6.301	1.797
6.441	1.777
6.511	1.797
6.531	1.787
6.591	1.787
6.611	1.777
6.671	1.777
6.741	1.787
6.821	1.787
6.911	1.767
7.031	1.767
7.101	1.757
7.121	1.767
7.161	1.757
7.201	1.757
7.241	1.747
7.321	1.747
7.361	1.737
7.451	1.747
POLYLINE BLACK
1.791	0.297
1.941	0.467
2.151	0.807
2.291	1.027
2.371	1.117
2.441	1.187
2.471	1.217
2.511	1.267
2.531	1.267
2.571	1.317
2.581	1.347
2.601	1.347
2.691	1.447
2.721	1.477
2.761	1.487
2.811	1.497
2.851	1.497
2.891	1.507
2.931	1.497
2.991	1.497
3.031	1.507
3.131	1.467
3.151	1.477
3.191	1.467
3.221	1.477
3.241	1.467
3.301	1.487
3.361	1.467
3.401	1.477
3.451	1.477
3.501	1.467
3.541	1.467
3.581	1.477
3.621	1.467
3.661	1.477
3.701	1.467
3.741	1.477
3.761	1.457
3.811	1.467
3.891	1.457
3.921	1.457
3.941	1.447
4.001	1.467
4.051	1.467
4.081	1.457
4.331	1.527
4.511	1.557
4.611	1.597
4.661	1.597
4.731	1.617
4.781	1.607
4.861	1.657
5.061	1.717
POLYLINE BLACK
0.009	0.781
0.030	0.795
0.044	0.788
0.058	0.795
0.072	0.788
0.100	0.795
0.128	0.788
0.142	0.774
0.205	0.760
0.247	0.760
0.275	0.746
0.310	0.746
0.387	0.711
0.401	0.697
0.443	0.697
0.478	0.676
0.499	0.676
0.590	0.641
0.625	0.641
0.653	0.634
0.667	0.634
0.709	0.613
0.730	0.613
0.744	0.606
0.765	0.606
0.828	0.585
0.849	0.585
0.863	0.578
0.877	0.585
0.947	0.550
1.010	0.550
1.024	0.543
1.094	0.543
1.122	0.522
1.136	0.522
1.150	0.515
1.171	0.515
1.227	0.494
1.255	0.494
1.304	0.480
1.332	0.466
1.346	0.466
1.402	0.438
1.416	0.438
1.535	0.396
1.556	0.382
1.570	0.382
1.598	0.375
1.612	0.382
1.626	0.368
1.640	0.368
1.668	0.361
1.682	0.347
1.710	0.347
1.752	0.326
1.766	0.333
1.808	0.298
1.822	0.305
POLYLINE BLACK
-0.159	0.613
POLYLINE BLACK
0.688	-0.563
0.660	-0.542
0.618	-0.542
0.590	-0.556
0.513	-0.556
0.485	-0.563
0.471	-0.563
0.443	-0.570
0.415	-0.570
0.387	-0.577
0.359	-0.577
0.345	-0.591
0.331	-0.577
POLYLINE BLACK
0.681	-0.570
0.667	-0.570
0.660	-0.556
0.751	-0.521
0.772	-0.521
0.800	-0.514
0.814	-0.514
0.842	-0.521
0.870	-0.507
0.891	-0.507
0.919	-0.500
0.933	-0.500
0.947	-0.486
0.982	-0.472
0.996	-0.472
1.010	-0.458
1.024	-0.458
1.052	-0.451
1.087	-0.458
1.101	-0.451
1.115	-0.458
1.129	-0.451
1.178	-0.465
1.206	-0.465
1.248	-0.458
1.276	-0.458
1.290	-0.465
1.339	-0.444
1.388	-0.444
1.416	-0.437
1.458	-0.437
1.479	-0.423
1.507	-0.437
1.521	-0.437
1.549	-0.430
1.598	-0.430
1.626	-0.416
1.661	-0.423
1.689	-0.423
1.717	-0.416
1.731	-0.416
1.745	-0.409
1.773	-0.416
1.794	-0.430
1.843	-0.430
1.913	-0.458
1.927	-0.458
2.018	-0.486
2.060	-0.500
POLYLINE BLACK
-4.368	5.244
-4.382	5.244
-4.396	5.251
-4.410	5.244
-4.494	5.300
-4.543	5.356
-4.578	5.433
-4.592	5.447
-4.592	5.461
-4.627	5.503
-4.655	5.524
-4.662	5.538
-4.704	5.510
-4.711	5.496
-4.711	5.475
-4.725	5.440
-4.725	5.426
-4.732	5.398
-4.732	5.370
-4.739	5.335
-4.739	5.265
-4.732	5.237
-4.732	5.195
-4.725	5.160
-4.725	5.111
-4.711	5.055
-4.711	5.041
-4.697	5.006
-4.697	4.992
-4.690	4.978
-4.690	4.957
-4.683	4.929
-4.683	4.887
-4.676	4.859
-4.683	4.831
-4.683	4.796
-4.690	4.768
-4.690	4.740
-4.718	4.649
-4.725	4.621
-4.725	4.593
-4.732	4.558
-4.725	4.530
-4.725	4.516
-4.676	4.390
-4.676	4.376
-4.648	4.320
-4.648	4.299
-4.634	4.271
-4.634	4.229
-4.620	4.180
-4.620	4.152
-4.592	4.075
-4.585	4.040
-4.550	3.949
-4.550	3.921
-4.543	3.907
-4.543	3.886
-4.529	3.837
-4.529	3.809
-4.522	3.781
-4.522	3.767
-4.508	3.739
-4.508	3.718
-4.494	3.683
-4.494	3.669
-4.473	3.627
-4.473	3.613
-4.438	3.501
-4.417	3.452
-4.347	3.403
-4.305	3.403
-4.277	3.389
-4.263	3.389
-4.228	3.375
-4.200	3.389
-4.172	3.382
-4.144	3.389
-4.130	3.389
-4.116	3.382
-4.088	3.403
-4.074	3.403
-4.032	3.438
-4.025	3.459
-3.990	3.501
-3.990	3.515
-3.941	3.620
-3.941	3.634
-3.927	3.662
-3.927	3.690
-3.920	3.704
-3.927	3.739
-3.927	3.753
-3.948	3.809
-3.948	3.823
-4.004	3.963
-4.011	3.991
-4.025	4.005
-4.025	4.019
-4.060	4.096
-4.060	4.110
-4.088	4.180
-4.095	4.194
-4.095	4.215
-4.109	4.243
-4.109	4.257
-4.123	4.285
-4.123	4.299
-4.151	4.341
-4.158	4.376
-4.179	4.418
-4.179	4.446
-4.186	4.474
-4.186	4.488
-4.193	4.502
-4.193	4.523
-4.228	4.621
-4.256	4.698
-4.256	4.712
-4.277	4.768
-4.277	4.782
-4.284	4.796
-4.284	4.817
-4.291	4.845
-4.291	4.866
-4.312	4.943
-4.312	4.971
-4.319	4.999
-4.319	5.020
-4.361	5.167
-4.375	5.181
-4.375	5.195
-4.396	5.223
-4.403	5.258
POLYLINE CONNECT
-4.337	4.747
0.000	0.000
POLYLINE CONNECT
-2.646	5.951
1.963	0.057
POLYLINE BLACK
-1.175	10.103
-1.147	10.061
-1.147	10.047
-1.133	10.019
-1.133	9.998
-1.119	9.970
-1.119	9.949
-1.112	9.935
-1.119	9.907
-1.119	9.893
-1.112	9.865
-1.112	9.837
-1.098	9.774
-1.098	9.711
-1.091	9.683
-1.091	9.634
-1.070	9.557
-1.070	9.543
-1.056	9.494
-1.056	9.480
-1.042	9.452
-1.042	9.438
-1.028	9.410
-1.028	9.389
-0.993	9.319
-0.993	9.298
-0.979	9.284
-0.979	9.270
-0.965	9.242
-0.965	9.228
-0.944	9.179
-0.944	9.165
-0.937	9.151
-0.937	9.116
-0.923	9.088
-0.923	9.074
-0.888	8.955
-0.874	8.906
-0.874	8.871
-0.797	8.710
-0.797	8.661
-0.790	8.633
-0.790	8.619
-0.776	8.570
-0.776	8.549
-0.769	8.521
POLYLINE BLACK
-0.979	8.283
-0.965	8.276
-0.923	8.297
-0.832	8.409
-0.832	8.430
-0.804	8.500
-0.776	8.542
-0.776	8.556
-0.769	8.584
POLYLINE BLACK
-1.245	8.318
-1.217	8.304
-1.182	8.276
-1.168	8.276
-1.140	8.262
-1.126	8.262
-1.098	8.269
-1.063	8.269
-1.035	8.262
-1.021	8.269
POLYLINE BLACK
-1.462	9.032
-1.448	8.983
-1.448	8.969
-1.434	8.934
-1.434	8.920
-1.427	8.892
-1.420	8.857
-1.413	8.829
-1.413	8.808
-1.406	8.780
-1.406	8.759
-1.392	8.731
-1.385	8.696
-1.378	8.682
-1.378	8.661
-1.364	8.605
-1.364	8.591
-1.350	8.556
-1.350	8.528
-1.322	8.486
-1.301	8.444
-1.301	8.430
-1.287	8.416
-1.273	8.381
-1.273	8.367
-1.252	8.318
-1.252	8.304
POLYLINE BLACK
-1.203	10.089
-1.217	10.089
-1.231	10.096
-1.252	10.124
-1.266	10.124
-1.308	10.159
-1.322	10.166
-1.329	10.180
-1.371	10.208
-1.385	10.229
-1.413	10.250
-1.427	10.278
-1.427	10.292
-1.469	10.376
-1.511	10.404
-1.525	10.404
-1.560	10.355
-1.560	10.341
-1.581	10.264
-1.581	10.159
-1.567	10.124
-1.567	10.096
-1.553	10.040
-1.553	10.026
-1.546	9.998
-1.546	9.977
-1.539	9.949
-1.539	9.935
-1.532	9.907
-1.525	9.844
-1.518	9.816
-1.511	9.753
-1.511	9.725
-1.518	9.697
-1.518	9.683
-1.546	9.620
-1.546	9.606
-1.560	9.571
-1.567	9.522
-1.581	9.466
-1.581	9.368
-1.574	9.340
-1.574	9.305
-1.553	9.249
-1.553	9.228
-1.539	9.200
-1.539	9.179
-1.518	9.137
-1.511	9.102
-1.497	9.074
-1.497	9.053
-1.469	9.011
POLYLINE CONNECT
-1.155	9.610
0.000	0.000
POLYLINE BLACK
3.520	9.690
3.530	9.695
3.550	9.680
3.575	9.675
3.600	9.675
3.665	9.650
3.710	9.620
3.715	9.595
3.725	9.585
3.725	9.575
3.730	9.565
POLYLINE BLACK
3.545	9.670
3.525	9.670
3.495	9.690
3.455	9.705
3.405	9.730
3.395	9.730
3.375	9.735
3.330	9.740
3.320	9.745
3.300	9.740
3.280	9.745
3.260	9.745
3.240	9.740
3.230	9.740
3.210	9.725
3.200	9.730
3.180	9.715
3.170	9.715
3.140	9.690
3.130	9.690
3.090	9.660
3.080	9.660
3.070	9.650
3.060	9.650
3.010	9.625
2.985	9.625
2.955	9.610
2.945	9.610
2.930	9.590
2.955	9.550
2.965	9.545
2.970	9.530
3.000	9.505
3.000	9.495
2.960	9.445
2.950	9.440
2.950	9.430
2.945	9.420
2.955	9.390
2.995	9.355
3.035	9.335
3.045	9.325
3.070	9.325
3.090	9.315
POLYLINE CONNECT
3.350	9.350
0.000	0.000
